#adjlist.py
# GMT Tue May 17 12:03:42 2022
# 
1 156 152 161 321 324 327 330 333 336 339 342 345 348 351 354 357 360
156 200 195 191 188 184 179 174 169
152 150 160 322 325 328 331 334 337 340 343 346 349 352 355 358 361
161 159
321 320
324 323
327 326
330 329
333 332
336 335
339 338
342 341
345 344
348 347
351 350
354 353
357 356
360 359
2 158 154
158 198 193 362 366 370 373 375 377
154 153 415
3 153 158 163 165 415
153 202 197 190 187 183 178 173 168
163 162
165 164 393
415 160
4 313 298 282 266 517 494 549 548 598 618
313 21
298 37
282 53
266 69
517 493
494 492
549 582
548 388
598 584
618 583
5 311 296 280 264 322 490 495 561 581 596 615
311 23
296 39
280 55
264 71
322 320
490 514
495 515
561 579
581 547
596 617
615 616
6 309 294 278 262 325 498 496 558 576 595 614
309 25
294 41
278 57
262 73
325 323
498 497
496 491
558 578
576 577
595 612
614 616
7 307 292 276 260 328 509 511 557 575 592 609
307 27
292 43
276 59
260 75
328 326
509 510
511 512
557 573
575 577
592 611
609 610
8 305 290 274 258 331 505 508 554 570 591 608
305 29
290 45
274 61
258 77
331 329
505 507
508 510
554 572
570 571
591 606
608 610
9 303 288 272 256 334 503 506 553 569 588 603
303 31
288 47
272 63
256 79
334 332
503 504
506 507
553 567
569 571
588 605
603 604
10 301 286 270 254 337 499 502 550 564 587 602
301 33
286 49
270 65
254 81
337 335
499 501
502 504
550 566
564 565
587 600
602 604
11 299 284 268 252 340 500 563 601
299 35
284 51
268 67
252 83
340 338
500 501
563 565
601 604
12 201
201 132
13 196
196 133
14 365
365 192
15 369
369 189
16 185
185 136
17 180
180 137
18 175
175 138
19 170
170 139
20 314 489 466 585 584
314 21
489 465
466 433
585 618
584 318
21 20
22 312 321 463 467 597 617
312 23
463 486
467 487
597 615
617 583
23 22
24 310 324 470 468 594 612
310 25
470 469
468 464
594 614
612 613
25 24
26 308 327 481 483 593 611
308 27
481 482
483 484
593 609
611 613
27 26
28 306 330 477 480 590 606
306 29
477 479
480 482
590 608
606 607
29 28
30 304 333 475 478 589 605
304 31
475 476
478 479
589 603
605 607
31 30
32 302 336 471 474 586 600
302 33
471 473
474 476
586 602
600 601
33 32
34 300 339 472 599
300 35
472 473
599 601
35 34
36 297 489 466 562 582
297 37
562 548
582 547
37 36
38 295 342 486 560 579
295 39
486 488
560 581
579 580
39 38
40 293 345 470 468 559 578
293 41
559 576
578 580
41 40
42 291 348 481 483 556 573
291 43
556 575
573 574
43 42
44 289 351 477 480 555 572
289 45
555 570
572 574
45 44
46 287 354 475 478 552 567
287 47
552 569
567 568
47 46
48 285 357 471 474 551 566
285 49
551 564
566 568
49 48
50 283 360 472 565
283 51
565 568
51 50
52 281 199
281 53
199 132
53 52
54 279 194
279 55
194 133
55 54
56 277 363
277 57
363 192
57 56
58 275 367
275 59
367 189
59 58
60 273 371
273 61
371 186
61 60
62 271 374
271 63
374 181
63 62
64 269 376
269 65
376 176
65 64
66 267 378
267 67
378 171
67 66
68 265 250
265 69
250 85
69 68
70 263 248
263 71
248 87
71 70
72 261 246
261 73
246 89
73 72
74 259 244
259 75
244 91
75 74
76 257 242
257 77
242 93
77 76
78 255 240
255 79
240 95
79 78
80 253 238
253 81
238 97
81 80
82 251 236
251 83
236 99
83 82
84 249 234
249 85
234 101
85 84
86 247 232
247 87
232 103
87 86
88 245 230
245 89
230 105
89 88
90 243 228
243 91
228 107
91 90
92 241 226
241 93
226 109
93 92
94 239 224
239 95
224 111
95 94
96 237 222
237 97
222 113
97 96
98 235 220
235 99
220 115
99 98
100 233 218
233 101
218 117
101 100
102 231 216
231 103
216 119
103 102
104 229 214
229 105
214 121
105 104
106 227 212
227 107
212 123
107 106
108 225 210
225 109
210 125
109 108
110 223 208
223 111
208 127
111 110
112 221 206
221 113
206 129
113 112
114 219 204
219 115
204 131
115 114
116 217 198 517 494
217 117
198 132
117 116
118 215 193 343 514
215 119
193 133
343 341
514 516
119 118
120 213 362 346 498 496
213 121
362 192
346 344
121 120
122 211 366 349 509 511
211 123
366 189
349 347
123 122
124 209 370 352 505 508
209 125
370 186
352 350
125 124
126 207 373 355 503 506
207 127
373 181
355 353
127 126
128 205 375 358 499 502
205 129
375 176
358 356
129 128
130 203 377 361 500
203 131
377 171
361 359
131 130
132 12
133 13
134 14
135 15
136 16
137 17
138 18
139 19
140 164 151 316 166 380 383 391
164 282 280 278 276 274 272 270 268
151 150 156 159
316 167
166 141 381
380 143 386 390 393
383 384
391 392
141 140 151 382
382 265 263 261 259 257 255 253 251 249 247 245 243 241 239 237 235 233 231 229 227 225 223 221 219 217 215 213 211 209 207 205 203 201 196 365 369 185 180 175 170
142 315 380 167 385 165
315 166 384 389 392
167 141
385 386
143 142
144 413
413 169 519 543 546 537
145 144 427 436 460 462 451 420 149
427 426
436 434 446 458
460 452
462 435
451 414
420 419 526 417
149 147
146 144
147 413
148 147 172 427 436 459 462 452 420 146
172 139
459 451
452 414
150 153 158 162
162 199 194 363 367 371 374 376 378
159 364 368 372 182 177 172
160 159
202 132
197 133
190 134
187 135
183 136
178 137
173 138
168 139
155 153
200 132
195 133
191 134
188 135
184 136
179 137
174 138
169 139
157 156 161
364 192
368 189
372 186
182 137
177 138
393 281 279 277 275 273 271 269 267
381 266 264 262 260 258 256 254 252 250 248 246 244 242 240 238 236 234 232 230 228 226 224 222 220 218 216 214 212 210 208 206 204
171 139
176 138
181 137
186 136
189 135
192 134
384 313 311 309 307 305 303 301 299
389 390
392 298 296 294 292 290 288 286 284
317 387 391
387 389
318 317 383 385
319 155 415
320 674 697 705
674 698 704
697 643
705 702
323 658 694 696 699 701 707 709
658 706 708
694 695
696 643
699 700
701 642
707 666
709 710
326 656 692 661 712 714
656 711 713
692 662
661 660
712 668
714 715
329 654 690 676 717 719
654 716 718
690 677
676 675
717 670
719 720
332 652 688 679 722 724
652 721 723
688 680
679 678
722 672
724 725
335 651 682 645
651 686 646
682 681 685
645 148
338 647 650 663
647 664
650 684 686 726 645
663 145
341 673 698 704
673 697 705
698 643
704 702
344 659 694 696 699 701 706 708
659 707 709
706 666
708 710
347 657 692 661 711 713
657 712 714
711 668
713 715
350 655 690 676 716 718
655 717 719
716 670
718 720
353 653 688 679 721 723
653 722 724
721 672
723 725
356 649 683 726 644
649 727 645
683 681
726 703
644 148
359 648 650 664
648 663
664 145
379 157
386 314 312 310 308 306 304 302 300
390 297 295 293 291 289 287 285 283
388 387 391
394 200
395 202
396 195
397 197
398 364 424 445 455 423
424 535
445 443 454
455 453
423 421 534
399 191
400 190
401 368 430 450 441 729
430 536
450 442
441 440
729 425
402 188
403 187
404 372 428 448 438 728
428 539
448 439
438 437
728 431
405 184
406 183
407 182 419 447 458 418
419 527
447 439 461 457
458 456
418 416 429 431
408 179
409 178
410 177 426 436 435 420
426 526
435 434
411 174
412 173
519 408 528 541
543 538
546 518
537 411
414 168 620 638 641 633
620 409 627 636
638 634
641 619
633 412
416 527
527 519 518
417 416 429 431
429 428
431 430 432 539
526 519 542 546 538
421 535
535 532 522
422 421 534
534 533 525
425 424 422 536
536 530 520
539 529 541
432 425
433 379
434 620 637 641 634
637 633
634 412
446 439 461 457
437 628 636
628 622 640 635
636 406
439 437 449 441
449 442
440 629 621
629 622
621 403
442 440 444 455
444 443 454
443 632 626
632 625
626 397
454 453
461 438
457 456
453 631 623
631 624
623 400
456 620 619
619 409
464 463 485
485 487
465 433
487 488
469 464
473 476
476 479
479 482
482 484
484 469
488 465
491 490 513
513 515
492 319
493 492
515 516
497 491
501 504
504 507
507 510
510 512
512 497
516 493
518 408
528 521 545 540
541 405
520 402
521 402 531 522
531 523
522 399
523 399 524 544
524 396 394
544 525
525 396
542 537
538 411
545 520
540 405
529 521 545 540
530 521
532 523
533 524
547 388
568 571
571 574
574 577
577 580
580 547
583 318
604 607
607 610
610 613
613 616
616 583
627 622 640 635
622 403 630 623
630 624
624 400 625 639
625 397 395
639 626
640 621
635 406
642 398
643 398
646 148
727 703
684 682 727
686 683
660 693 695 666
693 700 665
695 643
666 401
662 660
665 401
667 404
668 404
669 407
670 407
671 410
672 410
675 691 662 668
691 667
677 675
678 689 677 670
689 669
680 678
681 687 680 672
687 671
685 644
700 642
702 642
703 646
710 665
715 667
720 669
725 671
