#adjlist.py
# GMT Tue May 17 12:03:42 2022
# 
1 294 121 287 230
294 233
121 120 87 85
287 286
230 95
5 4 20 14 15 16 17 18 19 22 23 24 25 26 27 7 8 9 10 11 12
4
20
14
15
16
17
18
19
22
23
24
25
26
27
7
8
9
10
11
12
28 280 378 584 589 666 659 110
280 29
378 376
584 548
589 588
666 658
659 472
110 109 114 377 380 383 386 389
29 28
30 278 381 583 586 657 667 661 670
278 31
381 379
583 549
586 585 588 549
657 660
667 669 659
661 473
670 110
31 30
32 276 384 582 583 587 581 654 655 663 671
276 33
384 382
582 550
587 586
581 580
654 662
655 668 661
663 474
671 670
33 32
34 274 387 580 583 587 551 652 653 665 671
274 35
387 385
580 550
551 386 582
652 664
653 656 663
665 475
35 34
36 272 390 389 476 653 664
272 37
390 388
389 388
476 273 665
664 475
37 36
38 124 125 290 293 297 270 693 686
124 138 296
125 299 301
290 295 300
293 302 491
297 484 490
270 39
693 685
686 477
39 38
40 123 133 292 298 268 684 694 688
123 151 129 136 141 144 146 154
133 132
292 303 466
298 485 466
268 41
684 687
694 696 686
688 478
41 40
42 139 293 296 300 301 266 164 681 682 690
139 138 295 297 299
296 483 488 492
300 487 491
301 489 490 492
266 43
164 163
681 689
682 695 688
690 479
43 42
44 123 132 291 292 264 679 680 692
132 137 160 158 147 162
291 298
264 45
679 691
680 683 690
692 480
45 44
46 124 126 293 295 297 300 262 164 481 680 691
126 125
295 482 488
262 47
481 263 692
691 480
47 46
48 341 850 889 890
341 49
850 888 891
889 794
890 884
49 48
50 343 810 883 885 831
343 51
810 881 887 830
883 793
885 886
831 829
51 50
52 345 808 879 834
345 53
808 813 833
879 814
834 832
53 52
54 347 806 877 837
347 55
806 853 836
877 854
837 835
55 54
56 349 804 875 840
349 57
804 856 839
875 857
840 838
57 56
58 351 802 873 843
351 59
802 859 842
873 860
843 841
59 58
60 353 800 871 846
353 61
800 862 845
871 863
846 844
61 60
62 355 867 849
355 63
867 866 848
849 847
63 62
64 357 797 795
357 65
797 796
795 446 868 865 827
65 64
66 107 307 235 359 392 397 402 407 412 920 950 951
107 212 621 622 629 625 632 627 635 306 957 956
307 393 398 403 408 413
235 2
359 67
392 391
397 396
402 401
407 406
412 411
920 949 952
950 902
951 945
67 66
68 361 915 944 946
361 69
915 942 948
944 901
946 947
69 68
70 363 903 923
363 71
903 918
923 919
71 70
72 365 913 937
365 73
913 939
937 938
73 72
74 367 393 601 607 912 936
367 75
393 391
601 108 606
607 552
912 933
936 938
75 74
76 369 398 603 598 909 931
369 77
398 396
603 599
598 554
909 934
931 932
77 76
78 371 403 597 596 908 930
371 79
403 401
597 556 602 598
596 556
908 928
930 932
79 78
80 373 408 597 608 610 605 905 924
373 81
408 406
608 604
610 596
605 558
905 927
924 926
81 80
82 375 413 412 597 609 610 604 925
375 83
413 411
609 605
604 558
925 926
83 82
84 112 234 260
112 5 13 21 6 235
234 2 3
260 85
85 84
86 5 234 259 243 236 251
259 87
243 21
236 13
251 6
87 86
88 115 285 257
115 281 279 277 275 273
285 470
257 89
89 88
90 115 283 286 121 261 503 258 229 232
283 231 502
286 469 257
261 85
503 259
258 89
229 95
232 91
91 90
92 115 282 288 231 287 470 501 503 229 508 340 342 344 346 348 350 352 354 356
282 121 341 343 345 347 349 351 353 355 357
288 286 468
231 93 91 450
470 471
501 502
508 233
340 49
342 51
344 53
346 55
348 57
350 59
352 61
354 63
356 65
93 92
94 289 304 122 271 269 267 265 263 503 232
289 501
304 467 508
122 120 91 502
271 39
269 41
267 43
265 45
263 47
95 94
96 105
105 311 338 198 538
97 96 422 568 639 642 672 746 717 775 780 790 959
422 420
568 167
639 332
642 310
672 166
746 744 716
717 560
775 309
780 312
790 313
959 339
98 96 428 567 639 643 676 707 748 732 776 780 791 962
428 426
567 569
643 642
676 675
707 766 733
748 747
732 731
776 775
791 790
962 961
99 96 425 569 639 642 675 709 711 729 775 780 790 961
425 423
569 568
675 672
709 768 730
711 710
729 728
961 959
100 96
101 100 436 641 643 674 701 757 741 777 782 960
436 435
641 640
674 673
701 760 742
757 756
741 740
777 776
782 781
960 962
102 100 433 640 643 673 703 754 738 777 782 792 962
433 432
640 639
673 676
703 762 739
754 753
738 737
792 791
103 100 430 567 639 643 673 705 751 735 776 781 792 962
430 429
705 764 736
751 750
735 734
781 780
104 100 439 641 674 713 698 777 960
439 438
713 697
698 566
311 170 533
338 197 535 537 542
198 195 199
538 539
106 105 419 167 332 310 166 743 715 309 312 313 339
419 417
167 165 454
332 169 333 538 541
310 308 336 196
166 165 200
743 714
715 559
309 308 335 220
312 311 334 197 538 541
313 311 337 221 224
339 218 226 228
212 106 97 99 98
621 628 624 631 626 634
622 630 627
629 628 637 632
625 504
632 505
627 506
635 507
306 113 213 214 215 216 394 399 404 409 415
957 956
956 306
108 107
109 574 575 321 577 578 460 315 611 612 172 616 465 647 649 650 317 651 322 678 173 787 320 953 955
574 575
575 321
321 319 458
577 578
578 460
460 179 515
315 314 177
611 315
612 611
172 171 463
616 172
465 464 509 515
647 465
649 647
650 317
317 316 515 516
651 650
322 318 509 245 515 516
678 677
173 171 249
787 173
320 319 461
953 320
955 953
114 20 378 381 384 387 390
377 376
380 379
383 382
386 385
111 109
13
21
6
113 4 212 395 400 405 410 416
395 103
400 102
405 101
410 104
416 414
281 29
279 31
277 33
275 35
273 37
116 115 284 495
284 288
495 451 258
117 197 198 254 221 201
197 195 8
254 10
221 219
201 199
118 117 168 224
168 452 453
224 223
119 117 452 220 196 253
452 547 418 421 424 427
220 219 222 227
196 195 219 223
253 9
120 93 270 268 266 264 262
502 260
151 150 202 205
129 127 145 205
136 134
141 140
144 143
146 145
154 150
138 152 154
299 486 488
127 202 204
202 210 340 358 851 888 891 921 949 952
204 354 372 799 865 848 906 927
128 127 156 203
156 208 493
203 356 374 798 796 922
145 148 163
205 352 370 801 862 845 907 928
130 127 161 205
161 206 494
131 127 145
137 134
160 159 204 211
158 156 159 211
147 145 159 209
162 161 204
134 143 203 211
143 156 205 209
211 342 360 811 881 887 830 916 942 948
135 134
152 150 161 211
140 161 203 204 209
209 344 362 809 813 833 914 918
142 140
148 493 494
163 206 208
159 203 205 207
493 346 364
494 350 368
149 148
150 156 204 207
207 348 366 805 856 839 910 933
153 150 122 305
305 304
155 150
208 807 853 836 904 939
157 156 159 202
206 803 859 842 911 934
165 193 217 222 453 226
193 251 252 255
217 119 708 768 730
222 704 764 736
453 546 431 434 437 440 443
226 225
200 199 12
454 256 224 228
169 168
170 168 201
171 174 178 246
174 176 244
178 245 247
246 24
463 250
249 27
176 243 248
244 22
175 174
248 26
177 176
245 23
247 25
179 178 175 177 510 513 246 520
510 243
513 244
520 250
180 178
181 185 237
185 236 241
237 14
182 181 242
242 19
183 181 19
184 181
241 18
186 185
187 191 239
191 238 240
239 16
188 187 183
189 187 182
190 187 457 527
457 184 186 522 525 532
527 241
238 15
240 17
192 191
252 7
255 11
194 193
195 222 225
225 700 760 742
219 706 766 733
223 702 762 739
199 223 227
227 699 697
210 209 211
358 67
851 889 890
888 794
891 884
921 950 951
949 902
952 945
374 83
798 795
796 446
922 925
372 81
799 869 849
865 864
848 847
906 924
927 929
370 79
801 871 846
862 861
845 844
907 930
928 929
803 873 843
859 858
842 841
911 931
934 935
366 75
805 875 840
856 855
839 838
910 936
933 935
807 877 837
853 852
836 835
904 937
939 940
362 71
809 879 834
813 812
833 832
914 923
918 917
360 69
811 883 885 831
881 882
887 794
830 829
916 944 946
942 943
948 902
213 106
214 97
215 99
216 98
708 711 729
768 712
730 728
218 217 453 194 533 536 540 545 224
533 251
536 252
540 255
545 256
706 748 732
766 749
733 731
704 751 735
764 752
736 734
702 754 738
762 755
739 737
700 757 741
760 758
742 740
699 698
697 566 759 758 726
228 227
450 500 358 360 362 364 366 368 370 372 374
233 91
2
3
250 27
256 12
469 471
468 451 258
303 153 157 131 128 155
466 152
302 153 144 162
491 149
482 157 135 146
488 137
483 151
492 155
484 131 130 160
490 136
485 130 135 142 149 164
486 129 142
487 128 158 141
489 147
467 261 230
394 103
399 102
404 101
409 104
415 414
308 118 194 253
335 543
336 220 544
334 333
541 542
337 197 198 536 537 539 543
314 513 245 514 518
514 247
518 519
316 511 514
511 512
515 248
516 517
318 316
319 180 175 246
461 519
458 518
509 510
323 525 238 526 530
525 237
526 240
530 531
324 323 186
325 523 526
523 524
326 325 527 528
528 529
327 325
328 192 184 239
329 328 462
462 531
330 328 459
459 530
331 327 521 238 527 528
521 522
333 534 537
534 535
537 254
543 544
544 545
539 540
535 536
542 543
364 73
368 77
376 574 577 612 616 649 650 677 787 955
677 322
379 574 577 611 616 649 650 677 788 953
788 787
382 576 579 611 647 650 677 789 954
576 575
579 578
789 788
954 953
385 573 579 648 651 678 789 954
573 576
648 647
388 573 579 648 651 789
391 395 623 620 958
623 619
620 553
958 957
396 400 617 618 958
617 555 633 620
618 555
401 405 557 617 618 958
557 404
406 410 409
411 416 415
414 443 442
443 441
442 441
417 190 456 188 189 326 324 330 331 329
456 455 521 527
418 417
420 571 591 594 613 644 645 778 783 899
571 190
591 456
594 329
613 188
644 189
645 326
778 324
783 330
899 331
421 420
423 571 591 594 613 644 645 779 783 899
779 778
424 423
426 570 590 593 613 644 645 779 786 900
570 571
590 591
593 594
786 783
900 899
427 426
429 570 590 593 613 644 645 779 786 900
431 429
432 570 590 593 614 644 646 779 786 900
614 613
646 645
434 432
435 572 590 595 615 646 779 784 900
572 571
595 594
615 614
784 783
437 435
438 572 592 595 615 646 785 900
592 591
785 784
440 438
441 572 592 615 646 785
444 495
445 444
446 444
447 444
448 444
449 444
500 359 361 363 365 367 369 371 373 375
451 450
547 419 422 425 428
546 430 433 436 439 442
455 524 238 526 529
524 525
529 530
522 236
532 242
519 520
531 532
464 512 245 514 517
512 513
517 518
471 280 278 276 274 272
472 281
473 279
474 277
475 275
477 271
478 269
479 267
480 265
496 495
497 495
498 495
499 451
504 213
505 214
506 215
507 216
548 377
549 380
550 383
552 392
553 394
554 397
555 399
556 402
558 407
559 418
560 421
561 424
562 427
563 431
564 434
565 437
566 440
585 584
588 111 548
602 599
599 554 600 607
600 108 606
606 552
633 619
619 553 622 636 635
636 634
628 638 625
624 504
631 505
626 506
634 507
630 629 626
638 624
637 631
656 655 662
662 474
668 667 660
660 473
658 472
669 658
683 682 689
689 479
695 694 687
687 478
685 477
696 685
759 727
758 756
726 565
710 745 717
745 744 716
712 710
714 559
716 560
718 561
719 561
720 562
721 562
722 563
723 563
724 564
725 564
727 565
728 770 718
770 719
731 771 720
771 721
734 772 722
772 723
737 773 724
773 725
740 774 726
774 727
744 769 715
769 714
747 767 712 718
767 719
749 747
750 765 749 720
765 721
752 750
753 763 752 722
763 723
755 753
756 761 755 724
761 725
793 116
794 116
868 869 828
827 445
869 866
812 880 886 815
880 882 816
886 794
815 498
814 812
816 498
817 449
818 449
819 496
820 496
821 497
822 497
823 448
824 448
825 447
826 447
828 445
829 892 815
892 816
832 893 817
893 818
835 894 819
894 820
838 895 821
895 822
841 896 823
896 824
844 897 825
897 826
847 898 827
898 828
852 878 814 817
878 818
854 852
855 876 854 819
876 820
857 855
858 874 857 821
874 822
860 858
861 872 860 823
872 824
863 861
864 870 863 825
870 826
866 864
882 793
884 793
901 499
902 499
917 941 947
941 943
947 902
919 917
926 929
929 932
932 935
935 938
938 940
940 919
943 901
945 901
