#adjlist.py
# GMT Tue May 17 12:03:42 2022
# 
1 119 255 317
119 267 268 176
255 258 320 179
317 318
2 244
244 10
3 241
241 11
4 238
238 12
5 235
235 13
6 232
232 14
7 229
229 15
8 226
226 16
9 224
224 17
10 2
11 3
12 4
13 5
14 6
15 7
16 8
17 9
18 122 243 220
122 387 392
243 10
220 19
19 18
20 240 218 126
240 11
218 21
126 124
21 20
22 237 216 129
237 12
216 23
129 127
23 22
24 234 214 132
234 13
214 25
132 130
25 24
26 231 212 135
231 14
212 27
135 133
27 26
28 228 210 138
228 15
210 29
138 136
29 28
30 225 208 141
225 16
208 31
141 139
31 30
32 222 206 143
222 17
206 33
143 101
33 32
34 35 269
35 34
269 253
36 37 270
37 36
270 253
38 39 271
39 38
271 253
40 41 272
41 40
272 253
42 120 251 253 344 346 279
120 275 287
251 278 288
253 252
344 345
346 347
279 43
43 42
44 121 249 346 281
121 120 280 288
249 254 335
281 45
45 44
46 246 248 346 283 287
246 343 282 288
248 250 337
283 47
287 286
47 46
48 247 248 343 282 284 288
247 339 285 287
343 345
282 47
284 49
288 286
49 48
50 263 203
263 108
203 51
51 50
52 263 201 146 125
201 53
146 144
125 124
53 52
54 263 199 150 128
199 55
150 148
128 127
55 54
56 263 197 154 131
197 57
154 152
131 130
57 56
58 262 194 158 134
262 108
194 59
158 156
134 133
59 58
60 261 191 162 137
261 108
191 61
162 160
137 136
61 60
62 108 188 166 140
108 107 110
188 63
166 164
140 139
63 62
64 260 185 169 142
260 108
185 65
169 168
142 101
65 64
66 184 159
184 67
159 156
67 66
68 167 291
167 164
291 69
69 68
70 183 151
183 71
151 148
71 70
72 157 294
157 156
294 73
73 72
74 149 296
149 148
296 75
75 74
76 165 298
165 164
298 77
77 76
78 170 300
170 168
300 79
79 78
80 153 302
153 152
302 81
81 80
82 145 304
145 144
304 83
83 82
84 161 306
161 160
306 85
85 84
86 182 155
182 87
155 152
87 86
88 171 307
171 168
307 89
89 88
90 163 309
163 160
309 91
91 90
92 181 147
181 93
147 144
93 92
94 103 105 115 172 118 276 177 113 174 348 290
103 107 109
105 221 219 217 215 213 211 209 207
115 114 268 146 150 154 158 162 166 169
172 168 265
118 116 323 324 335 337 339
276 315 184 183 182 181 291 307 309
177 97 311 348
113 111 99 319 322
174 95
348 125 128 131 134 137 140 142
290 112
95 94
96 256 172 118 178 173 318 175 289
256 176 290
178 99 277 348
173 95 117 316 294 296 298 300 302 304 306
318 174
175 97
289 112
97 96
98 119 257 178 177 113 173 325
257 321
325 259
99 98
100 333
333 223 207 187 299
101 100 350 351
350 349
351 415 367
102 100
107 243 240 237 234 231 228 225 222
109 245 242 239 236 233 230 227 223
104 103
221 19
219 21
217 23
215 25
213 27
211 29
209 31
207 33
106 105 334
334 220 218 216 214 212 210 208 206
110 109 266
245 10
242 11
239 12
236 13
233 14
230 15
227 16
223 17
266 106
111 204 202 200 198 196 193 190 187
204 51
202 53
200 55
198 57
196 59
193 61
190 63
187 65
112 111 114 341
114 195 192 189 186
341 203 201 199 197 194 191 188 185
319 289
322 175
195 59 57 55 53 51
192 61
189 63
186 65
268 117
116 278 280 282 285
278 43
280 45
285 49
117 116 205 336 338 340
205 41 39 37 35 284
336 279
338 281
340 283
323 325 267
324 179
335 336
337 338
339 340
267 106
176 97
275 273
387 391
392 326
123 122 126 129 132 135 138 141 143
124 366 389 370
366 426 371
389 388
370 369
127 360 424 363 373
360 374
424 364
363 362
373 372
130 358 422 396 376
358 377
422 397
396 395
376 375
133 356 420 401 379
356 380
420 402
401 400
379 378
136 354 418 406 382
354 383
418 407
406 405
382 381
139 352 416 411 386
352 385
416 412
411 410
386 384
144 365 390 371
365 370
390 388
371 369
148 361 424 363 374
361 373
374 372
152 359 422 396 377
359 376
377 375
156 357 420 401 380
357 379
380 378
160 355 418 406 383
355 382
383 381
164 353 416 411 385
353 386
385 384
168 349 102 351
349 333
265 264 313
316 293 295 297 299 301 303 305
311 147 151 155 159 163 167 171
277 276 145 149 153 157 161 165 170
179 99
180 93 87 71 67
250 249 275 280
254 252 344 278
252 264 314
264 117 312 123
314 313 317 320
258 104 244 241 238 235 232 229 226 224
320 321
321 322
259 258
312 266
313 324 259 123
273 342 192 310
342 347
310 91
274 273 345
345 189 292
315 180 292 308 310
286 195 180 274
292 69
293 73
295 75
297 77
299 79
301 81
303 83
305 85
308 89
326 245 221 204
327 242 219 202 303
328 239 217 200 295
329 236 215 198 301
330 233 213 196 293
331 230 211 193 305
332 227 209 190 297
347 186 308
415 412 368
367 332
362 425 389 393
425 426 394
393 327
364 362
426 390
368 332
369 428 393
428 394
372 429 398
429 399
398 328
375 430 403
430 404
403 329
378 431 408
431 409
408 330
381 432 413
432 414
413 331
384 433 367
433 368
391 326
388 427 392
427 391
394 327
395 423 364 398
423 399
397 395
399 328
400 421 397 403
421 404
402 400
404 329
405 419 402 408
419 409
407 405
409 330
410 417 407 413
417 414
412 410
414 331
