#adjlist.py
# GMT Tue May 17 12:03:42 2022
# 
1 86 78
86 96
78 18
2 102
102 26
3 104
104 28
4 106
106 30
5 108
108 32
6 110
110 34
7 112
112 36
8 114
114 38
9 116
116 40
10 119
119 49
11 121
121 50
12 123
123 51
13 125
125 14
14 13
15 52 54 81 77 144 88 150
52 67 73 72 69
54 75 98 101
81 79 149 177
77 18 16 127
144 179 119 121 123 125
88 87
150 151
16 15
17 54 82 87 79 144 80
82 77
87 147 78 100
79 16 146 53 103 105 107 109 111 113 115 117
80 16
18 17
19 85 57 76 152 63 64 66
85 89 61 58
57 56 92 97
76 20
152 154 161 166 131 130 178 135 132
63 62 128 135
64 62 90 178
66 65 94 156 165 169
20 19
21 55 83 152 58 66 99
55 57 89
83 63 61 64 98
58 56 94
99 22
22 21
23 55 84 152 63 61 98 100
84 150 64 58 66 101
61 59 95 161 172 178
98 22
100 24
24 23
25 136 103 134
136 135
103 26
134 129
26 25
27 137 105 158
137 157
105 28
158 156
28 27
29 138 107 132
138 133
107 30
132 129
30 29
31 139 109 163
139 162
109 32
163 161
32 31
33 140 111
140 128
111 34
34 33
35 141 113 168
141 167
113 36
168 166
36 35
37 142 115 170
142 171
115 38
170 131
38 37
39 143 117 175
143 174
117 40
175 130
40 39
41 74 118
74 42
118 49
42 41
43 71 120
71 44
120 50
44 43
45 70 122
70 46
122 51
46 45
47 68 124
68 48
124 14
48 47
49 10
50 11
51 12
67 48 46 42
73 42
72 44
69 46
53 52 177
177 74 71 70 68
75 20
101 24
89 91 148 155 173 128 178
56 65 90 95 128
65 160 173 133
90 60 72
95 159 171
128 126
92 164 168
97 96 88
94 67 153
59 155 165 135
155 157
165 167
135 129
60 59
161 176
172 175
178 69
62 91 160
91 93 163
160 162
173 174
133 129
156 176
169 170
127 126
146 102 104 106 108 110 112 114 116
149 76
96 145 80
147 149 151
148 75
93 92 95 154 134 133
164 169 172
154 73 158
153 134
159 132
171 131
145 144
126 176
176 53
129 126
130 126
131 126
157 156
162 161
167 166
174 130
179 118 120 122 124
151 99
166 176
