#adjlist.py
# GMT Tue May 17 12:03:42 2022
# 
1 73
73 43
2 165
165 75
3 117 70 165 72 140 139
117 161 163 74 65 169 67
70 39 160
72 43
140 60
139 60
4 3
5 114 112
114 6
112 8
6 5
7 113 109
113 8
109 10
8 7
9 110 106
110 10
106 12
10 9
11 107 103
107 12
103 14
12 11
13 104 100
104 14
100 16
14 13
15 101 97
101 16
97 18
16 15
17 98 94
98 18
94 20
18 17
19 95 74
95 20
74 37
20 19
21 131 91 156
131 157
91 22
156 135
22 21
23 133 89 154
133 155
89 24
154 135
24 23
25 129 87 150
129 151
87 26
150 136
26 25
27 127 85 152
127 153
85 28
152 136
28 27
29 125 83 146
125 147
83 30
146 137
30 29
31 123 81 148
123 149
81 32
148 137
32 31
33 121 79 142
121 143
79 34
142 138
34 33
35 119 77 144
119 145
77 36
144 138
36 35
37 2
38 58 69 64 161
58 68 166 65
69 39 141 140
64 63 62 164
161 66
39 38
40 58 59 116 70 141 163 67 139
59 115 111 108 105 102 99 96 93
116 64 66
141 159 167 168
163 164
67 41
41 40
42 45 130 115 92 157
45 44
130 156
115 6
92 22
157 135
43 42
44 47 132 111 90 155
47 46
132 154
111 8
90 24
155 135
46 49 128 108 88 151
49 48
128 150
108 10
88 26
151 136
48 51 126 105 86 153
51 50
126 152
105 12
86 28
153 136
50 53 124 102 84 147
53 52
124 146
102 14
84 30
147 137
52 55 122 99 82 149
55 54
122 148
99 16
82 32
149 137
54 57 120 96 80 143
57 56
120 142
96 18
80 34
143 138
56 4 118 93 78 145
118 144
93 20
78 36
145 138
68 41
166 167
65 63
60 59 61 162
61 112 109 106 103 100 97 94
162 114 113 110 107 104 101 98 95
62 61 74
63 168 71
168 73
71 4 57 55 53 51 49 47 45
164 91 89 87 85 83 81 79 77
66 41
160 76 92 90 88 86 84 82 80 78
75 37
76 37 60
169 71
134 158 76 166
158 68
135 134
136 134
137 134
138 134
159 75 169
167 72
