#adjlist.py
# GMT Tue May 17 12:03:42 2022
# 
1 134 112
134 133
112 40
2 127 116
127 126
116 45
3 97 132 165 185 189
97 128 171
132 178 113 117
165 167
185 187
189 191
4 49 84 85 57 171
49 132 128 127 134
84 121
85 136 142
57 56
171 172
5 139
139 152 161
6 81 53
81 65 169
53 51
7 80 62 146 180 63
80 120
62 41 93 145 101 103 105 107
146 148
180 183
63 41
8 176 195
176 177
195 149
9 186 195
186 187
10 166 195
166 167
11 193 195
193 194
12 64
64 41
13 66
66 36
14 101
101 28
15 103
103 29
16 105
105 30
17 107
107 31
18 92 106 124 119
92 90 125
106 31
124 123
119 19
19 18
20 46 83 55 94 75 67 179 181 61 190 196 170
46 82 85 130 63
83 87 158 163 197
55 54 164
94 93
75 21
67 33
179 180
181 183
61 41
190 191
196 157
170 168
21 20
22 46 47 79 65 74 60 120
47 70 62 151 61
79 59 55 57 121
65 36 93
74 23
60 58
120 95
23 22
24 78 70 86 87 59 132 146 73 182 192 69 169
78 77 62 52 76 159 161 60 61 170
70 25 23 140 160
86 144 172
87 147 72
59 58 143 148
73 23
182 183
192 194
69 25
169 168
25 24
26 48 77 86 122 67 179 149 197 72 99
48 47 82 154 155 159 168 182 148 196 71
77 141 156
122 95
149 94
197 157
72 25
99 27
27 26
28 14
29 15
30 16
31 17
32 96 68
96 190
68 33
33 32
34 88 90 104 109 199
88 165 200
90 138 155
104 30
109 35
199 175
35 34
36 13
37 91 100 111
91 90
100 28
111 38
38 37
39 131 113
131 134
113 40
40 39
41 12
42 89 90 102 125 115
89 185 124
102 29
125 123
115 43
43 42
44 135 117
135 127
117 45
45 44
82 50 160
130 129
151 153
154 75
155 156
159 160
168 66
148 94
71 25
128 126 133
50 49 52 152 161 189
52 51
152 153
161 68
51 54 93
54 56 136
93 150 154 76 156 72 98
56 126 129 133
136 188 118
164 166 176 186 193
126 162 108
129 173 110
133 184 114
58 168 183
183 64
143 165 185 137
145 100 102 104 106
140 53 163
160 98
76 21
141 65 55 57 181 63
156 74
121 95
158 159
163 164
142 122
144 174 120
172 130
147 121 71
200 175
138 151 158
150 69 99
98 27
95 93
108 35
110 38
114 43
118 19
123 198 200
198 199
162 109
173 111
178 112 116
184 115
188 119
137 136
174 177
153 76
157 73 137
167 108
177 110
175 174
187 114
191 192
194 118
