#adjlist.py
# GMT Tue May 17 12:03:42 2022
# 
1 244
244 15
2 246
246 17
3 248
248 19
4 250
250 21
5 252
252 23
6 254
254 25
7 274 282
274 154
282 156
8 175
175 56
9 172
172 57
10 169
169 58
11 166
166 59
12 163
163 60
13 160
160 61
14 110 237 307 258 245 693 382
110 612 623
237 259
307 312
258 236
245 15
693 383
382 381 696 386
15 14
16 113 315 259 247 692 375
113 112 257
315 320
259 236
247 17
692 376
375 374 387 379
17 16
18 115 323 147 235 249 691 368
115 114 145 258 388 392 407 452 411 414 417 424 427 430 448
323 328
147 146
235 111
249 19
691 369
368 367 380 372
19 18
20 116 145 148 331 256 251 413 690 361
116 616 627
145 146 354 417
148 147 234 414
331 336
256 236
251 21
413 412
690 362
361 360 373 365
21 20
22 70 73 117 339 283 234 280 253 76 698 730 752 733 754 736 756 739 758 742 760 745 762 700 707
70 349
73 72 235 728 77 699 731 751 734 753 737 755 740 757 743 759 746 761 701 708
117 615 626
339 344
283 156
234 111
280 153
253 23
76 75 366 358
698 697
730 729
752 732
733 77
754 735
736 362
756 738
739 369
758 741
742 376
760 744
745 383
762 747
700 695
707 706
23 22
24 100 102 347 257 255 689 727
100 209 203 198 193 188 183
102 101 118 256
347 351
257 236
255 25
689 729
727 359 74
25 24
26 119 232 209 204 656 647
119 621 610
232 27
209 43
204 45
656 646
647 286
27 26
28 122 230 203 199 645 657 649
122 121
230 29
203 45
199 47
645 648
657 659 647
649 287
29 28
30 124 228 198 194 642 643 651
124 123
228 31
198 47
194 49
642 650
643 658 649
651 288
31 30
32 125 226 193 189 639 640 653
125 617 629
226 33
193 49
189 51
639 652
640 644 651
653 289
33 32
34 127 224 188 184 637 638 655
127 126
224 35
188 51
184 53
637 654
638 641 653
655 290
35 34
36 128 222 183 180 291 638 654
128 622
222 37
183 53
180 55
291 223 655
654 290
37 36
38 103 129 107 219 449 423 278 276 683 674 717 707
103 177 174 171 168 165 162
129 569 547
107 106 108
219 39
449 424
423 422
278 277 356
276 275
683 673
674 296
717 708
39 38
40 131 214 408 451 426 605 609 672 684 676 709 698
131 527 572 550
214 41
408 493 427
451 450
426 425
605 278
609 276
672 675
684 688 674
676 300
709 699
41 40
42 132 260 404 406 429 605 609 669 670 678 716 700
132 523 525 553
260 211
404 491 430
406 405
429 428
669 677
670 685 676
678 304
716 701
43 42
44 82 133 263 400 402 433 605 667 661 715 745 762
82 176 521 591 593 595 546 549 552 555
133 522 574 556
263 206
400 489 432
402 401
433 431
667 660
661 311 671 678
715 746 761
45 44
46 134 140 265 173 396 398 436 607 686 680 714 742 760
134 520 578 559
140 139
265 201
173 57
396 487 435
398 397
436 434
607 605
686 668 660 679
680 319
714 743 759
47 46
48 135 142 267 170 395 462 439 607 665 663 713 739 758
135 515 517 562
142 141
267 196
170 58
395 485 438
462 461
439 437
665 662
663 327
713 740 757
49 48
50 83 136 269 394 465 442 608 664 666 663 681 712 736 756
83 167 512 585 564
136 513 581 565
269 191
394 482 441
465 464
442 440
608 607
664 682
666 662
681 335
712 737 755
51 50
52 137 144 271 164 393 471 445 606 343 666 663 682 711 733 754
137 508 510 568
144 143
271 186
164 60
393 444
471 469
445 443
606 608
343 342 681
682 335
711 734 753
53 52
54 84 138 350 181 389 391 447 606 710 730 752
84 161 506 504
138 528 505
350 351
181 55
389 476 448
391 390
447 446
710 731 751
55 54
56 8
57 9
58 10
59 11
60 12
61 13
62 82 83 84 92 139 141 143 130
92 103 106
139 519 589 558
141 514 587 561
143 507 583 567
130 129 131 132 133 134 135 136 137 138 273 240
63 62
64 86 109 99 152 153 243 282
86 85 150 158
109 159 273 154
99 89 80
152 65
153 67
243 87
65 64
66 94 86 80 109 91 279 241 356 292
94 233 231 229 227 225 223
80 79 151 242
91 90 156 280
279 152
241 87
356 281
292 243
67 66
68 88 97 98 81 150 279 151 154 241 283 293 281
88 100 101
97 221 216 262 264 266 268 270 272 179
98 218 213 261 205 200 195 190 185 178
81 79 104 105 159 158 207 202 197 192 187 182 280
150 63
151 65
154 67
293 243
281 153
69 68
349 348
71 70
72 349
728 359
77 75 726 358
699 697
731 729
751 732
734 77
753 735
737 362
755 738
740 369
757 741
743 376
759 744
746 383
761 747
701 695
708 706
74 72 71
75 341
341 340
366 364 363 725
358 357
726 366
78 75
79 149 155 157 239
149 63
155 67
157 69
239 95
242 87
104 217 212 208
105 220 215 210
159 69 93 175 172 169 166 163 160
158 69
207 45
202 47
197 49
192 51
187 53
182 55
176 56
521 574 525 571 547 550 553 556
591 575
593 526
595 572
546 545
549 548
552 551
555 554
167 59
512 580 565
585 581
564 563
161 61
506 505
504 352 582 511 543
85 97 104 310 318 326 334 342 350
310 312
318 320
326 328
334 336
342 344
87 85 90 89 294
90 98 105 308 316 324 332 340 348
89 88 307 315 323 331 339 347
294 219 214 260 263 265 267 269 271 181
101 204 199 194 189 184 180
308 312
316 320
324 328
332 336
340 344
348 351
156 69
106 173 170 164
93 92 108 240
108 176 167 161
240 95
233 27
231 29
229 31
227 33
225 35
223 37
95 94 285
285 232 230 228 226 224 222
96 94
221 39
216 41
262 211
264 206
266 201
268 196
270 191
272 186
179 55
218 39
213 41
261 211
205 45
200 47
195 49
190 51
185 53
178 55
118 625
177 56
174 57
171 58
168 59
165 60
162 61
217 39
212 41
208 43
220 39
215 41
210 43
273 284 245 247 249 251 253 255
612 610
623 611
111 110 112 114 116 117 118 120 155 157
112 620 633
114 619 632
120 119 121 123 125 126 128 149 239 242
620 635
633 634
619 630
632 634
388 410 413 416 423 426 429 447
392 390
407 405
452 450
411 409
414 412
417 415
424 422
427 425
430 428
448 446
616 629
627 628
615 624
626 628
625 628
621 623
610 238
121 613 635
123 618 630
126 614 624
613 633
635 636
618 632
630 631
617 627
629 631
614 626
624 625
622 625
569 546
547 545
527 549
572 570
550 548
523 593 552
525 524
553 551
522 591 555
574 573
556 554
520 558
578 576
559 557
515 587 561
517 516
562 560
513 564
581 579
565 563
508 583 567
510 509
568 566
528 504
505 352
519 577 559
589 578
558 557
514 517 562
587 518
561 560
507 510 568
583 511
567 566
146 355 410
354 416
355 411
410 409
186 53
191 51
196 49
201 47
206 45
211 43
236 111
238 96 155
284 244 246 248 250 252 254
275 158 292
277 293
286 233
287 231
288 229
289 227
290 225
295 220
296 217
297 218
298 221
299 215
300 212
301 213
302 216
303 210
304 208
305 261
306 262
312 207
309 308
311 310
313 205 177
314 264
320 202
317 316
319 318
321 200 174
322 266
328 197
325 324
327 326
329 195 171
330 268
336 192
333 332
335 334
337 190 168
338 270
344 187
345 185 165
346 272
351 182
352 178 162
353 179
416 415
357 341
359 357 78 726
360 333
373 371 370 724
365 364
362 360 725 365
725 373
363 360
364 333
367 325
380 378 377 723
372 371
369 367 724 372
724 380
370 367
371 325
374 317
387 385 384 720
379 378
376 374 723 379
723 387
377 374
378 317
381 309
696 694 748 721
386 385
383 381 720 386
720 696
384 381
385 309
476 392
390 478 470 472
478 479 473
470 469
472 346
444 443
482 466
441 440
485 463
438 437
487 399
435 434
397 488 402 459
488 489 460
459 314
399 397
489 403
432 431
401 490 406 457
490 491 458
457 306
403 401
491 407
405 492 451 455
492 493 456
455 302
493 452
409 470 487 480 435 444
480 479 398 436 445
412 476 462 477 438 475
477 391 485 439 474
475 353
415 482 403 483 432 441
483 465 433 442
418 322
419 322
420 338
421 338
422 495 453
495 454
453 298
425 496 455
496 456
428 497 457
497 458
431 498 459
498 460
434 499 418
499 419
437 500 467
500 468
467 330
440 501 420
501 421
443 502 472
502 473
446 503 474
503 475
474 353
450 494 453
494 454
454 298
456 302
458 306
460 314
461 486 399 418
486 419
463 461
464 484 463 467
484 468
466 464
468 330
469 481 466 420
481 421
473 346
479 471
582 544
511 509
543 345
509 584 580 541
584 585 542
580 579
541 337
516 588 577 537
588 589 538
577 576
537 321
518 516
571 570
524 594 571 531
594 595 532
531 301
526 524
529 297
530 297
532 301
533 305
534 305
535 313
536 313
538 321
539 329
540 329
542 337
544 345
545 597 529
597 530
548 598 531
598 532
551 599 533
599 534
554 600 535
600 536
557 601 537
601 538
560 602 539
602 540
563 603 541
603 542
566 604 543
604 544
570 596 529
596 530
573 592 526 533
592 534
575 573
576 590 575 535
590 536
579 586 518 539
586 540
611 238
628 631
631 634
634 636
636 611
641 640 652
652 289
644 643 650
650 288
658 657 648
648 287
646 286
659 646
660 311
671 670 677
662 327 687 680
687 668 660 679
668 661
677 304
685 684 675
675 300
673 296
679 319
688 673
729 74 728
694 719 704
719 718 705
704 299
695 694 763 721
763 722
721 303
748 722
697 718 750 704
718 749 702
750 705
702 295
703 295
705 299
706 764 702
764 703
749 703
722 303
732 727
735 76
738 361
741 368
744 375
747 382
