#adjlist.py
# GMT Tue May 17 12:03:42 2022
# 
1 253 615
253 251 616 623 668 829 250 980
615 266 267 288 286
2 671 1007 1008
671 670
1007 991
1008 1011
3 665 907 990 1012
665 670 1008 991
907 962 704
990 989
1012 1010
4 281 694 1009 992
281 670 958 989 1010 702
694 907
1009 1014
992 841
5 281 695 993 1013
695 962 1009 704 992
993 841
1013 1015
6 725
725 218
7 484
484 142
8 481
481 143
9 478
478 144
10 474
474 145
11 415
415 219
12 13 700
13 12 231 701
700 229
231 720
701 229
14 614 775
614 15
775 408
15 14
16 612 811
612 17
811 404
17 16
18 610 776
610 19
776 408
19 18
20 608 812
608 21
812 404
21 20
22 606 777
606 23
777 408
23 22
24 604 813
604 25
813 404
25 24
26 602 778
602 27
778 408
27 26
28 600 814
600 29
814 404
29 28
30 598 771
598 31
771 770
31 30
32 596 807
596 33
807 806
33 32
34 594 772
594 35
772 770
35 34
36 592 808
592 37
808 806
37 36
38 590 773
590 39
773 770
39 38
40 588 809
588 41
809 806
41 40
42 586 774
586 43
774 770
43 42
44 584 810
584 45
810 806
45 44
46 582 766
582 47
766 409
47 46
48 580 802
580 49
802 405
49 48
50 578 767
578 51
767 409
51 50
52 576 803
576 53
803 405
53 52
54 574 768
574 55
768 409
55 54
56 572 804
572 57
804 405
57 56
58 570 769
570 59
769 409
59 58
60 568 805
568 61
805 405
61 60
62 566 762
566 63
762 761
63 62
64 564 798
564 65
798 797
65 64
66 562 763
562 67
763 761
67 66
68 560 799
560 69
799 797
69 68
70 558 764
558 71
764 761
71 70
72 556 800
556 73
800 797
73 72
74 554 765
554 75
765 761
75 74
76 552 801
552 77
801 797
77 76
78 550 757
550 79
757 410
79 78
80 548 793
548 81
793 406
81 80
82 546 758
546 83
758 410
83 82
84 544 794
544 85
794 406
85 84
86 542 759
542 87
759 410
87 86
88 540 795
540 89
795 406
89 88
90 538 760
538 91
760 410
91 90
92 536 796
536 93
796 406
93 92
94 534 753
534 95
753 752
95 94
96 532 789
532 97
789 788
97 96
98 530 754
530 99
754 752
99 98
100 528 790
528 101
790 788
101 100
102 526 755
526 103
755 752
103 102
104 524 791
524 105
791 788
105 104
106 522 756
522 107
756 752
107 106
108 520 792
520 109
792 788
109 108
110 518 748
518 111
748 411
111 110
112 516 784
516 113
784 407
113 112
114 514 749
514 115
749 411
115 114
116 512 785
512 117
785 407
117 116
118 510 750
510 119
750 411
119 118
120 508 786
508 121
786 407
121 120
122 506 751
506 123
751 411
123 122
124 504 787
504 125
787 407
125 124
126 502 744
502 127
744 743
127 126
128 500 780
500 129
780 779
129 128
130 498 745
498 131
745 743
131 130
132 496 781
496 133
781 779
133 132
134 494 746
494 135
746 743
135 134
136 492 782
492 137
782 779
137 136
138 490 747
490 139
747 743
139 138
140 488 783
488 141
783 779
141 140
142 7
143 8
144 9
145 10
146 635 472 429 731 1067 1061
635 730
472 147
429 201
731 640
1067 1060
1061 892
147 146
148 633 470 426 733 1059 1068 1063
633 732
470 149
426 203
733 640
1059 1062
1068 1070 1061
1063 893
149 148
150 631 468 423 638 1056 1057 1065
631 637
468 151
423 205
638 277
1056 1064
1057 1069 1063
1065 894
151 150
152 629 466 420 727 247 1055 1066
629 726
466 153
420 207
727 639
247 246
1055 1058 1065
1066 895
153 152
154 246 627 464 417 729 896 1055
246 895
627 728
464 155
417 209
729 639
896 465 1066
155 154
156 636 666 462 430 730 1051 1044
636 731
666 660 839
462 157
430 201
730 640
1051 1043
1044 900
157 156
158 634 666 460 427 732 1042 1052 1046
634 733
460 159
427 203
732 640
1042 1045
1052 1054 1044
1046 901
159 158
160 632 666 458 424 637 1039 1040 1048
632 638
458 161
424 205
637 277
1039 1047
1040 1053 1046
1048 902
161 160
162 630 666 456 421 726 1037 1038 1050
630 727
456 163
421 207
726 639
1037 1049
1038 1041 1048
1050 903
163 162
164 628 666 454 418 728 904 1038 1049
628 729
454 165
418 209
728 639
904 455 1050
1049 903
165 164
166 643 486 482 703
643 480 475
486 142
482 143
703 167
167 166
168 642 486 480 705
642 482 475
480 144
705 169
169 168
170 939 368 707
939 940
368 367
707 171
171 170
172 452 442 371
452 173
442 185
371 370
173 172
174 450 944 949 374
450 175
944 946
949 950
374 373
175 174
176 448 439 377
448 177
439 189
377 376
177 176
178 446 436 380
446 179
436 191
380 379
179 178
180 952 383 709
952 953
383 382
709 181
181 180
182 622 369 445
622 621
369 367
445 183
183 182
184 372 622 443
372 370
443 185
185 184
186 622 375 711
375 373
711 187
187 186
188 378 440
378 376 621
440 189
189 188
190 381 437
381 379 621
437 191
191 190
192 384 433
384 382 621
433 193
193 192
194 967 264 713 971
967 968 699
264 263 691
713 195
971 970
195 194
196 687 973 264 715
687 968 970 699
973 975
715 197
197 196
198 818 717 971
818 967 973 972
717 199
199 198
200 294 300 311 315 336 323 431
294 296 299 306 308
300 302 303 309 310
311 313 314 318 319
315 316 317 320 321
336 337 338 341 342
323 322 326 333
431 201
201 200
202 294 300 322 326 336 312 428
322 324 325 329 330
326 327 328 331 332
312 311 315 333
428 203
203 202
204 295 297 307 305 425
295 296 302 313 316 324 327 334 337
297 299 303 314 317 325 328 335 338
307 308 310 319 321 330 332 340 342
305 304
425 205
205 204
206 294 311 322 333 336 301 422
333 334 335 339 340
301 300 315 326
422 207
207 206
208 295 304 307 298 419
304 306 309 318 320 329 331 339 341
298 297
419 209
209 208
210 255 719
255 613 609 605 601 597 593 589 585 581 577 573 569 565 561 557 553 549 545 541 537 533 529 525 521 517 513 509 505 501 497 493 489
719 211
211 210
212 254 721
254 611 607 603 599 595 591 587 583 579 575 571 567 563 559 555 551 547 543 539 535 531 527 523 519 515 511 507 503 499 495 491 487
721 213
213 212
214 693 416
693 414
416 215
215 214
216 263 414 976 415 723
263 223 225 227
414 219 215
976 416
723 217
217 216
218 6
219 11
220 254 255 844 845 846 847 848 849 850 851 852 853 854 855 856 857 858 859 860 861 862 863 864 865 866 867 868 869 870 871 872 873 874 875 413
844 614 612
845 610 608
846 606 604
847 602 600
848 598 596
849 594 592
850 590 588
851 586 584
852 582 580
853 578 576
854 574 572
855 570 568
856 566 564
857 562 560
858 558 556
859 554 552
860 550 548
861 546 544
862 542 540
863 538 536
864 534 532
865 530 528
866 526 524
867 522 520
868 518 516
869 514 512
870 510 508
871 506 504
872 502 500
873 498 496
874 494 492
875 490 488
413 221
221 220
222 689 699
689 969 385
699 692
223 222
224 690 974 1006 1016
690 1017
974 975
1006 385
1016 386
225 224
226 387 973 1006 972 1017
387 227 1016
972 970
1017 386
227 226
228 825 701
825 700
229 228 230
230 718
718 211
720 213
232 644 646 483 959 988 990 1004
644 650 476 1003
646 888 1007
483 143
959 960
988 993
1004 1002
233 232
234 645 646 650 961 988 1013 1014 1012 1011
645 483 476 990
650 889 992
961 963
1014 1015
1011 1010
235 234
236 266
266 252 237 626 344 285 883 922 674 964 986 919
237 236
238 267
267 252 620 624 258 877 930 961 977 985 272 918
239 238
240 286
286 284 620 626 347 412 269 837 740 920 995 365 397 983
241 240
242 288
288 287 623 659 617 736 434 921 926 917
243 242
244 253
245 244
895 467
248 736 883
736 392 737 978 1001
883 259
249 248 651 667 361
651 697 834 998
667 669 925
361 360 392
250 248 652 658 659 477 920 930
652 819 925
658 664 880 257 275
659 832 934 838
477 145 144 143 142
920 923
930 931
251 653 995 917
653 833 999
995 413
917 915
252 251 652 647 926
647 283 677
926 929
616 619 272
623 625 876 878 942 838 918
668 696 835 978 999
829 954 1005
980 981
611 17
607 21
603 25
599 29
595 33
591 37
587 41
583 45
579 49
575 53
571 57
567 61
563 65
559 69
555 73
551 77
547 81
543 85
539 89
535 93
531 97
527 101
523 105
519 109
515 113
511 117
507 121
503 125
499 129
495 133
491 137
487 141
613 15
609 19
605 23
601 27
597 31
593 35
589 39
585 43
581 47
577 51
573 55
569 59
565 63
561 67
557 71
553 75
549 79
545 83
541 87
537 91
533 95
529 99
525 103
521 107
517 111
513 115
509 119
505 123
501 127
497 131
493 135
489 139
256 486 482 480 475
475 145
257 256 886
886 887
258 256 279 354 641 347 400 878 881 886 908 913 734 355 391 724
279 453 451 449 447
354 352 392 830 983
641 249 957
347 346 696 815
400 245 273
878 880
881 259
908 706
913 708
734 676
355 352
391 239
724 218
259 256 282 477 887
282 485 483 479 476
887 484 481 478 474
260 389 660 350 357 390
389 237 676
660 280 399
350 349 356 399
357 356
390 239
261 260 879
879 880
262 260 655 842 345 882 654 663 927 682 947 817 821 823 388 368 371 374 377 380 383 403
655 278 392
842 929 293
345 343
882 259
654 278
663 270
927 929
682 679
947 950
817 816
821 820
823 822
388 237
403 245
691 843 415
265 263
626 828 257
344 343 399 840
285 284 354 618 353 683 345 648 897 956 365 918 984
922 923
674 291
964 965
986 987
919 915
620 826 884 956
624 686 884
877 345
977 978
985 987
272 271
918 915
268 463 461 459 457 455
463 157
461 159
459 161
457 163
455 165
269 268 276 287 641 653 656 683 738 649 741 842 876 882 675 933 942 944 357 977 984
276 473 471 469 467 465
287 401 647
656 697 836
683 831 963
738 737 399 1001
649 283 737 399 1005
741 395 816
876 877
675 291
933 934
942 290
984 982
270 268 899
899 462 460 458 456 454
271 429 426 423 420 417
273 271 274 966
274 430 427 424 421 418
966 431 428 425 422 419
275 274
473 147
471 149
469 151
467 153
465 155
277 276 655 261 348 366
348 346
366 363
278 276 891
891 472 470 468 466 464
453 173
451 175
449 177
447 179
280 279 662 706 708
662 270 452 450 448 446 707 709
706 171
708 181
670 358 905 928 681
958 960
989 841
1010 1004
702 167
485 142
479 144
476 145
283 282 885
885 887
284 921 735 1000
921 923
735 676
1000 1001
618 827 954 981
353 352 657 965 275
648 283
897 898
956 957
365 363
412 221 278 890 719 721
837 997
740 737 997
397 243
983 982
401 245 395
617 616 653 658 667 412 678 883 933 941 681 945 964 916
434 193 183
289 441 438 435
441 185
438 189
435 191
290 289 948
948 950
291 289 292 434 924 444 710 432
292 442 439 436
924 443 440 437 445 711 433
444 183
710 187
432 193
293 292
296 844 613 611 775 811
299 845 609 607 776 812
306 848 597 595 771 807
308 849 593 591 772 808
302 846 605 603 777 813
313 852 581 579 766 802
316 854 573 571 768 804
324 860 549 547 757 793
327 862 541 539 759 795
334 868 517 515 748 784
337 870 509 507 750 786
303 847 601 599 778 814
314 853 577 575 767 803
317 855 569 567 769 805
325 861 545 543 758 794
328 863 537 535 760 796
335 869 513 511 749 785
338 871 505 503 751 787
309 850 589 587 773 809
310 851 585 583 774 810
318 856 565 563 762 798
320 858 557 555 764 800
329 864 533 531 753 789
331 866 525 523 755 791
339 872 501 499 744 780
341 874 493 491 746 782
319 857 561 559 763 799
321 859 553 551 765 801
330 865 529 527 754 790
332 867 521 519 756 792
340 873 497 495 745 781
342 875 489 487 747 783
343 820 259
820 979 722
399 243
840 741
346 898 1001
898 663
1001 403
696 996 388
815 358 742 986 823 398 1002
349 241 291
356 816 820
351 349
352 931 946
931 932
946 947
657 656
965 688
392 239
830 829 477
816 955 712 714 716
358 356 906 703 705
906 702 704
359 356 676 259
676 291
360 363 241
363 243 245
362 360
364 363
367 1032 1029
1032 1028
1029 673
370 1035 1031
1035 1033 1030
1031 909
373 1027 1021
1027 1020
1021 910
376 1025 1019
1025 1018
1019 911
621 358 262 742 351 920 932 935 942 362 398 393 919 402
379 1022 1023
1022 912 1024 1019
1023 912
382 685 1022 1023
685 684 951
385 223
386 225
393 239
394 239
395 241
396 243
398 243
402 245
404 235
405 235
406 235
407 235
408 233
409 233
410 233
411 233
890 718 720
619 618 740 881 919
678 677 929
941 290
681 679
945 946
916 915
827 649 359
954 817
981 985
826 359 678 897 688 364
884 648
742 395 822
932 937 290
935 937
625 624 651 353 355 357 982 396
838 837
686 344 879 661 824 397
982 987
828 400 434 881 661 928 936 941 681 958 962 824 396
639 277
640 277
957 712
1003 1002
888 485
677 680 959
737 395
1005 402
889 479
697 914 351
834 389 660 655 394
998 393
819 412 401 916
925 927 682
833 654 390 366
999 362
836 350 348
664 347 738 361 977 364 365
880 882
832 739 400 842 897 922 735 1000
934 935
661 280
991 989
839 389 357 394
669 668
835 674
978 821
905 936 941
928 929
672 908
673 672 938
938 940
680 679
929 939 952
679 943 949
943 293
831 739 945 980
963 716
684 913
951 953
824 822
968 969
970 974
688 273
969 698
843 414 976
692 691 265
962 963
704 169
996 998
914 1005
698 692
712 195
714 197
716 199
722 217
739 737 1001
997 391
822 994 724
743 411
752 410
761 409
770 408
779 407
788 406
797 405
806 404
1002 1005
955 713 715 717
979 723
994 725
936 937
841 742
892 473
893 471
894 469
900 463
901 461
902 459
903 457
909 453 441
910 451 948
911 449 438
912 447 435
915 675
923 734
937 938 951
940 444
950 710
953 432
960 714
975 698
987 722
1015 1003
1018 911 1026 1021
1026 1020
1020 910 1034 1031
1034 1033 1030
1024 1018
1028 673
1030 909
1033 1036 1029
1036 1028
1041 1040 1047
1047 902
1053 1052 1045
1045 901
1043 900
1054 1043
1058 1057 1064
1064 894
1069 1068 1062
1062 893
1060 892
1070 1060
