#adjlist.py
# GMT Tue May 17 12:03:42 2022
# 
1 229 305 141
229 152
305 306
141 109
2 236
236 38
3 238
238 40
4 240
240 42
5 242
242 44
6 244
244 46
7 246
246 48
8 248
248 50
9 250
250 52
10 157 273
157 86
273 233
11 230
230 91
12 153
153 90
13 100
100 13
14 200
200 21
15 199
199 22
16 196
196 23
17 195
195 24
18 154
154 87
19 307
307 309
21 14
22 15
23 16
24 17
25 26 201
26 25
201 21
27 125 198 202 194
125 123
198 22
202 26
194 28
28 27
29 129 225 197 192
129 193 125 202 274
225 191
197 23
192 30
30 29
31 129 203 191 275 190
203 189
191 30 23
275 192
190 32
32 31
33 219 269 270 147 276 188 235
219 266 161 150
269 151
270 146
147 97
276 234
188 36
235 34
34 33
35 210 266 150 270 147 277 234
210 161 269 187 235
266 160
150 93
277 188
234 34
36 35
37 298 237
298 302
237 38
38 37
39 292 239
292 297
239 40
40 39
41 300 241
300 302
241 42
42 41
43 295 243
295 297
243 44
44 43
45 299 245
299 302
245 46
46 45
47 293 247
293 297
247 48
48 47
49 301 249
301 302
249 50
50 49
51 296 251
296 297
251 52
52 51
53 209 228 296 301 253
209 133 279
228 283
253 54
54 53
55 126 209 128 186 281 185
126 293 299 252
128 127
186 56 263 280
281 282
185 56
56 55
57 126 127 134 182 281
127 292 298 184
134 115 186 294
182 58
58 57
59 207 208 280 255 131
207 282 279 130
208 135 182 253 185
280 183
255 60
131 116
60 59
61 180 349 332 205
180 62
349 331
332 284
205 122 206
62 61
63 178 330 350 334 205
178 64
330 333
350 352 332
334 285
64 63
65 176 327 328 336 205
176 66
327 335
328 351 334
336 286
66 65
67 120 174 324 325 338
120 205
174 68
324 337
325 329 336
338 287
68 67
69 120 172 321 322 340
172 70
321 339
322 326 338
340 288
70 69
71 117 170 318 319 342
117 120
170 72
318 341
319 323 340
342 289
72 71
73 168 118 315 316 344
168 74
118 117
315 343
316 320 342
344 290
74 73
75 119 166 312 313 346
119 118
166 76
312 345
313 317 344
346 291
76 75
77 119 164 310 311 348
164 78
310 347
311 314 346
348 264
78 77
79 119 162 265 311 347
162 80
265 163 348
347 264
80 79
81 89 211 260 160 308
89 88
211 307
260 278 237 239 241 243 245 247 249 251
160 82
308 309
82 81
83 137 158
137 113 102
158 84
84 83
85 121 204 206 156
121 165 163 181 179 177 175 173 171 169 167
204 164 162 180 178 176 174 172 170 168 166
206 132 255
156 86
86 85
87 18
88 89 218 157 273 308
218 260
90 12
91 11
92 217 157 151 233
217 232
151 93
233 103
93 92
94 222 149 272
222 148 303
149 95
272 142
95 94
96 221 136 146 303
221 271
136 113 261 149
146 97
303 257
97 96
98 161 145 187
161 82
145 99
187 36
99 98
101 215 216 142
215 140
216 267 304
142 102
102 101
103 19
104 214 226 159 152 155 139 259 141
214 304 231 140
226 124 153 200 199 196 195 190
159 84
152 90 154
155 87
139 105
259 107
105 104
106 213 216 138 159 155 305 140
213 152 141
138 105 227 230
140 109
107 106
108 109 212 268 159 152 155 139 258
109 108
212 138 259
268 158
258 107
110 220 136 271 257
220 137 144 256
271 145
257 111
111 110
112 223 144 256
223 136 137 271 257
144 99
256 111
113 112
114 89 224 147 276 277
224 156
115 114
116 20
20
165 78
163 80
181 62
179 64
177 66
175 68
173 70
171 72
169 74
167 76
122 121
123 189 191 193 201 198
189 32 24 262
193 28 22
124 123 202 274 275
274 194
252 54
184 56
130 116
132 116 208 183 254
183 58
254 60
133 115 294
294 297
135 115 252 184
261 148 272
227 226 231
143 100
148 95 143
263 295 300
262 197
282 283
279 183
304 306
231 91
267 268
232 103
283 254
278 236 238 240 242 244 246 248 250
264 165
284 181
285 179
286 177
287 175
288 173
289 171
290 169
291 167
297 131
302 130
306 258
309 232
314 313 345
345 291
317 316 343
343 290
320 319 341
341 289
323 322 339
339 288
326 325 337
337 287
329 328 335
335 286
351 350 333
333 285
331 284
352 331
