#adjlist.py
# GMT Tue May 17 12:03:42 2022
# 
1 82 98 114 146 460 492
82 114 115
98 146 147
114 178
146 194
460 492 493
492 556
2 82 100 115 150 461 494
100 150 151
115 178
150 196
461 494 495
494 557
3 83 102 116 154 462 496
83 116 117
102 154 155
116 179
154 198
462 496 497
496 558
4 83 104 117 158 463 498
104 158 159
117 179
158 200
463 498 499
498 559
5 84 98 118 147 464 500
84 118 119
118 180
147 194
464 500 501
500 560
6 84 100 119 151 465 502
119 180
151 196
465 502 503
502 561
7 85 102 120 155 466 504
85 120 121
120 181
155 198
466 504 505
504 562
8 85 104 121 159 467 506
121 181
159 200
467 506 507
506 563
9 86 99 122 148 468 508
86 122 123
99 148 149
122 182
148 195
468 508 509
508 564
10 86 101 123 152 469 510
101 152 153
123 182
152 197
469 510 511
510 565
11 87 103 124 156 470 512
87 124 125
103 156 157
124 183
156 199
470 512 513
512 566
12 87 105 125 160 471 514
105 160 161
125 183
160 201
471 514 515
514 567
13 88 99 126 149 472 516
88 126 127
126 184
149 195
472 516 517
516 568
14 88 101 127 153 473 518
127 184
153 197
473 518 519
518 569
15 89 103 128 157 474 520
89 128 129
128 185
157 199
474 520 521
520 570
16 89 105 129 161 475 522
129 185
161 201
475 522 523
522 571
17 90 106 130 162 476 524
90 130 131
106 162 163
130 186
162 202
476 524 525
524 572
18 90 108 131 166 477 526
108 166 167
131 186
166 204
477 526 527
526 573
19 91 110 132 170 478 528
91 132 133
110 170 171
132 187
170 206
478 528 529
528 574
20 91 112 133 174 479 530
112 174 175
133 187
174 208
479 530 531
530 575
21 92 106 134 163 480 532
92 134 135
134 188
163 202
480 532 533
532 576
22 92 108 135 167 481 534
135 188
167 204
481 534 535
534 577
23 93 110 136 171 482 536
93 136 137
136 189
171 206
482 536 537
536 578
24 93 112 137 175 483 538
137 189
175 208
483 538 539
538 579
25 94 107 138 164 484 540
94 138 139
107 164 165
138 190
164 203
484 540 541
540 580
26 94 109 139 168 485 542
109 168 169
139 190
168 205
485 542 543
542 581
27 95 111 140 172 486 544
95 140 141
111 172 173
140 191
172 207
486 544 545
544 582
28 95 113 141 176 487 546
113 176 177
141 191
176 209
487 546 547
546 583
29 96 107 142 165 488 548
96 142 143
142 192
165 203
488 548 549
548 584
30 96 109 143 169 489 550
143 192
169 205
489 550 551
550 585
31 97 111 144 173 490 552
97 144 145
144 193
173 207
490 552 553
552 586
32 97 113 145 177 491 554
145 193
177 209
491 554 555
554 587
33 74
74 306 314
34 75
75 307 316
35 76
76 308 318
36 77
77 309 320
37 78
78 310 322
38 79
79 311 324
39 80
80 312 326
40 81
81 313 328
41 74 75 76 77 78 79 80 81
306 314 315
314 330
307 316 317
316 331
308 318 319
318 332
309 320 321
320 333
310 322 323
322 334
311 324 325
324 335
312 326 327
326 336
313 328 329
328 337
178 210 226
179 210 227
180 211 228
181 211 229
182 212 230
183 212 231
184 213 232
185 213 233
186 214 234
187 214 235
188 215 236
189 215 237
190 216 238
191 216 239
192 217 240
193 217 241
194 218 242
195 218 243
196 219 244
197 219 245
198 220 246
199 220 247
200 221 248
201 221 249
202 222 250
203 222 251
204 223 252
205 223 253
206 224 254
207 224 255
208 225 256
209 225 257
210 226 227
226 258
227 258
211 228 229
228 259
229 259
212 230 231
230 260
231 260
213 232 233
232 261
233 261
214 234 235
234 262
235 262
215 236 237
236 263
237 263
216 238 239
238 264
239 264
217 240 241
240 265
241 265
218 242 243
242 266
243 266
219 244 245
244 267
245 267
220 246 247
246 268
247 268
221 248 249
248 269
249 269
222 250 251
250 270
251 270
223 252 253
252 271
253 271
224 254 255
254 272
255 272
225 256 257
256 273
257 273
258 274 276 282 286
259 274 277 283 288
260 275 276 284 287
261 275 277 285 289
262 278 280 290 294
263 278 281 291 296
264 279 280 292 295
265 279 281 293 297
266 338 346
267 339 348
268 340 350
269 341 352
270 342 354
271 343 356
272 344 358
273 345 360
274 282 283
276 286 287
282 298
286 300
277 288 289
283 298
288 301
275 284 285
284 299
287 300
285 299
289 301
278 290 291
280 294 295
290 302
294 304
281 296 297
291 302
296 305
279 292 293
292 303
295 304
293 303
297 305
338 346 347
346 362
339 348 349
348 363
340 350 351
350 364
341 352 353
352 365
342 354 355
354 369
343 356 357
356 366
344 358 359
358 368
345 360 361
360 367
298 310 323
299 311 325
300 312 327
301 313 329
302 306 315
303 307 317
304 308 319
305 309 321
323 334
325 335
327 336
329 337
315 330
317 331
319 332
321 333
330 338 347
331 339 349
332 340 351
333 341 353
334 342 355
335 343 357
336 344 359
337 345 361
347 362
349 363
351 364
353 365
355 369
357 366
359 368
361 367
362 370 373 376 406 408 413 424 425 428 432 436 440
363 371 374 379 402 404 412 426 427 429 433 437 441
364 372 377 380 405 409 411 424 426 430 434 438 442
365 375 378 381 403 407 410 425 427 431 435 439 443
369 386 388 390 393 396 417 420 421 444 448 452 456
366 382 384 391 394 399 416 422 423 445 449 453 457
368 385 389 392 397 400 415 420 422 446 450 454 458
367 383 387 395 398 401 414 421 423 447 451 455 459
370 410
373 411
376 412
406 426
408 427
413 418
424 444 445 446 447
425 448 449 450 451
428 460 493
432 464 501
436 468 509
440 472 517
371 410
374 411
379 413
402 424
404 425
412 418
426 452 453 454 455
427 456 457 458 459
429 461 495
433 465 503
437 469 511
441 473 519
372 410
377 412
380 413
405 425
409 427
411 418
430 462 497
434 466 505
438 470 513
442 474 521
375 411
378 412
381 413
403 424
407 426
410 418
431 463 499
435 467 507
439 471 515
443 475 523
382 420
384 421
391 414
394 415
399 417
416 419
422 436 437 438 439
423 440 441 442 443
445 477 527
449 481 535
453 485 543
457 489 551
383 420
387 422
395 415
398 416
401 417
414 419
421 432 433 434 435
447 479 531
451 483 539
455 487 547
459 491 555
385 421
389 423
392 414
397 416
400 417
415 419
420 428 429 430 431
446 478 529
450 482 537
454 486 545
458 490 553
386 422
388 423
390 414
393 415
396 416
417 419
444 476 525
448 480 533
452 484 541
456 488 549
418 420 421 422 423
419 424 425 426 427
493 556
495 557
497 558
499 559
501 560
503 561
505 562
507 563
509 564
511 565
513 566
515 567
517 568
519 569
521 570
523 571
525 572
527 573
529 574
531 575
533 576
535 577
537 578
539 579
541 580
543 581
545 582
547 583
549 584
551 585
553 586
555 587
556 42
557 43
558 44
559 45
560 46
561 47
562 48
563 49
564 50
565 51
566 52
567 53
568 54
569 55
570 56
571 57
572 58
573 59
574 60
575 61
576 62
577 63
578 64
579 65
580 66
581 67
582 68
583 69
584 70
585 71
586 72
587
42
43
44
45
46
47
48
49
50
51
52
53
54
55
56
57
58
59
60
61
62
63
64
65
66
67
68
69
70
71
72
588 73
73
