#adjlist.py
# GMT Tue May 17 12:03:42 2022
# 
1 59 101
59 139 163 164
101 117 823
2 60 102
60 140 165
102 118 824
3 61 103
61 167 183 184
103 119 825
4 62 104
62 159 170 191 192
104 120 826
5 63 105
63 141 193
105 121 852
6 64 106
64 142 199
106 122 853
7 65 107
65 185 186 203
107 123 854
8 66 108
66 160 194 200
108 124 855
9 67 109
67 146 161 197 198
109 125 856
10 68 110
68 143 201 204
110 126 837
11 69 111
69 147 166
111 127 857
12 70 112
70 148 169
112 128 858
13 71 113
71 171 189 190
113 129 859
14 72 114
72 150 153 162
114 130 860
15 73 115
73 144 196 202
115 131 846
16 74 116
74 152 187 188
116 132 847
17 151 216 220
151 256 258
216 870
220 365 366
18 195 218
195 262 300
218 322 323 754
19 168 217 221
168 212 534
217 874
221 367 368
20 172 219
172 215 295
219 324 325 754
21 75 145
75 181
145 246 247
22 76 149
76 182
149 252 254
23 79 80
79 168 172
80 156 157
24 77 78 156
77 151 195
78 158
156 230 231 232 233
25 81 871
81 173 174
871 881 886
26 82 877
82 175 176
877 890 891
27 83 872
83 177 178
872 882 887
28 84 873
84 179 180
873 883 888
29 75 87
87 154 230
30 76 88
88 155 231
31 89 90 91 92
89 870 871 872 873 874 877
90 582 608 621 701 707 708
91 230 231
92 157 158
32 93 94 95 865
93 232 233
94 133 134 135 136 137 138
95 763
865 50
33 85 86 96 97 98 99 100
85 861
86 862
96 181 182
97 145 149 151 168 172 195
98 154 155 230 231
99 133 134 135 136 137 138
100 232 233 763 865
139 234 236
163 257 382
164 211 370
140 277 278
165 261 419
167 271 421
183 235 371
184 237 372
159 207 292
170 213 415
191 253 379
192 255 380
141 238 240
193 259 298
142 279 280
199 269 302
185 239 373
186 241 374
203 275 306
160 208 291
194 260 297
200 270 301
146 283 284
161 209 294
197 266 383
198 268 384
143 242 244
201 272 304
204 276 305
147 248 250
166 264 420
148 285 286
169 274 422
171 214 296
189 249 377
190 251 378
150 287 288
153 289 290
162 210 293
144 281 282
196 263 299
202 273 303
152 265 267
187 243 375
188 245 376
181 205 907
182 206 908
158 216 218 220
157 217 219 221
173 223 738
174 222 737
175 225 734
176 224 733
177 227 671
178 226 670
179 229 645
180 228 644
861 866 867
862 868 869
154 652
230 326
155 653
231 327
870 880 885
874 884 889
582 612 613
608 638 639
621 648 649
701 715 716
707 717 718
708 719 720
232 326 327
233 791 792 793 794 795 796 797 798
133 51
134 52
135
136 53
137 54
138 55
763 50
117 808
823 34
118 810
824 35
119 812
825 36
120 814
826 37
121 827
852 41
122 829
853 42
123 831
854 43
124 833
855 44
125 835
856 45
126 816
837 38
127 838
857 46
128 840
858 47
129 842
859 48
130 844
860 49
131 818
846 39
132 820
847 40
808 34
810 35
812 36
814 37
827 41
829 42
831 43
833 44
835 45
816 38
838 46
840 47
842 48
844 49
818 39
820 40
51
52
53
54
55
234 308 455
236 307 454
277 328 329
278 330 331
238 310 456
240 311 459
279 332 333
280 334 335
242 313 461
244 312 460
281 336 337
282 338 339
246 341 598
247 314 594
283 340 540
284 342 541
248 345 466
250 315 462
285 343 344
286 346 347
252 350 467
254 316 463
287 348 349
288 351 352
256 353 354
258 318 319
265 359 468
267 320 464
289 357 358
290 360 361
652 677 875
653 678 876
207 291
292 309
208 292
291 309
209 293
294 317
210 294
293 317
257 354
382 403
211 319
370 386
261 405
419 448
264 407
420 451
271 411
421 453
212 520
534 554
274 413
422 452
213 387
415 443
214 295
296 321
215 296
295 321
223 731
738 744
222 729
737 743
225 723
734 740
224 721
733 739
227 656
671 686
226 654
670 685
229 634
645 659
228 632
644 658
205 897
907 56
206 899
908 57
235 329
371 393
237 331
372 394
239 333
373 395
241 335
374 396
243 337
375 397
245 339
376 398
249 344
377 399
251 347
378 400
253 349
379 401
255 352
380 402
259 297
298 355
260 298
297 355
262 299
300 356
263 300
299 356
266 358
383 408
268 361
384 409
269 301
302 362
270 302
301 362
272 303
304 363
273 304
303 363
275 305
306 364
276 306
305 364
897 56
899 57
319 386
520 554
387 443
322 764
323 751 765
754 763 865
324 766
325 753 767
365 390 736
366 389 735
367 392 684
368 391 683
729 743
731 744
721 739
723 740
654 685
656 686
632 658
634 659
326 768 769 770 771 775 776 777 778 782 783 784 785 799 800 801 802
327 772 773 774 779 780 781 786 787 788 789 790 803 804 805 806 807
791 822
792 822
793 822
794 822
795 822
796 822
797 822
798 822
308 426
455 471
329 393
307 424
454 470
331 394
310 428
456 472
333 395
311 430
459 473
335 396
313 434
461 475
337 397
312 432
460 474
339 398
341 584
598 614
314 578
594 603
345 445
466 484
344 399
315 436
462 476
347 400
350 447
467 483
349 401
316 438
463 477
352 402
353 382
354 403
318 370
405 448
407 451
359 450
468 485
358 408
320 441
464 479
361 409
411 453
413 452
328 371
330 372
332 373
334 374
336 375
338 376
340 524
540 557
342 526
541 558
343 377
346 378
348 379
351 380
357 383
360 384
309 369
317 381
321 385
355 404 405
356 406 407
362 410 411
363 412 413
364 387 388
424 470
426 471
369 417 418
428 472
430 473
432 474
434 475
578 603
436 476
438 477
381 414 604
386 423
441 479
385 416 581
764 798
751 755 756
765 787 788 789 790 792 793 794 795 796 797 804 805 806 807
766 797
753 757 758
767 782 783 784 785 786 791 793 794 795 796 798 799 800 801 802 803
768 848 850
769 848 850
770 848 850
771 848 850
775 808 809
776 810 811
777 812 813
778 814 815
782 848 850
783 848 850
784 848 850
785 848 850
799 827 828
800 829 830
801 831 832
802 833 834
772 849 851
773 849 851
774 849 851
779 816 817
780 818 819
781 820 821
786 849 851
787 849 851
788 849 851
789 849 851
790 849 851
803 835 836
804 838 839
805 840 841
806 842 843
807 844 845
393 426 427
394 424 425
395 428 429
396 430 431
397 434 435
398 432 433
524 557
584 614
526 558
399 444 445
445 484
400 436 437
401 446 447
447 483
402 438 439
403 440 912
404 419
406 420
408 449 450
450 485
409 441 442
410 421
412 422
388 415
390 727
736 742
389 725
735 741
392 668
684 695
391 666
683 694
417 458 602
418 457 601
414 595
604 619
416 566
581 597
423 465 682
443 469
725 741
727 742
666 694
668 695
427 455
425 454
429 456
431 459
435 461
433 460
444 466
437 462
446 467
439 463
440 910
912 913
448 478 565
451 480 510
449 468
442 464
453 482 490
452 481 491
595 619
566 597
458 592
602 616
457 590
601 615
465 665
682 693
470 486
471 505 506
472 501 502
473 489
474 487
475 495 503 504
476 488
477 493
910 913
479 494
469 492 531
484 497 559
483 496 692
478 552
565 580
485 498 499
480 498
510 530
481 490
491 500
482 491
490 500
590 615
592 616
665 693
492 511
531 546
486 515 516
505 528 585
506 529 586
501 522 555
502 523 556
489 513 514
487 508 517
495 532 533
503 524 525
504 526 527
488 507 518 519
493 509 690
552 580
494 511 512
498 530
496 681
692 700
497 544
559 575
499 510
515 536 537
516 538 539
508 550 551
517 544 545
507 542 543
518 547 576
519 549 577
513 548 624
514 535 620
500 520 521
511 546
509 676
690 698
512 531
532 560 561
533 562 563
681 700
544 575
530 552 553
521 534
522 536
555 568
523 538
556 569
525 540
527 541
528 571
585 599
529 574
586 600
542 572 637
543 564 628
550 570 571
551 573 574
676 698
546 566 567
548 610
624 640
535 605
620 630
536 568
537 555
538 569
539 556
545 559
547 561
576 587
549 563
577 588
554 582 589
557 583 584
558 578 579
571 599
574 600
553 565
560 576
561 587
562 577
563 588
605 630
568 592 593
569 590 591
572 623
637 651
564 617
628 641
575 595 596
567 581
610 640
570 585
573 586
580 608 611
589 607 895
583 598
579 594
587 609 610
588 605 606
617 641
597 621 626
593 602
591 601
599 622 623
623 651
600 617 618
596 604
603 625
611 631 894
612 634 635
613 632 633
614 636 689
609 624
606 620
607 883
895 905
615 627
616 646 650
619 629
626 643 896
622 637
618 628
625 642 679
630 647
883 905
638 656 657
639 654 655
640 660 901
631 882
894 904
635 645
633 644
636 674
689 697
627 652
646 662 663
650 673 674
641 661
629 653
648 668 669
649 666 667
651 675 676
642 663
679 691
643 884
896 906
647 664 665
882 904
658 672
659 687 688
674 697
657 671
655 670
660 891
901 909
661 680 681
663 691
884 906
662 679
664 682
669 684
667 683
673 689
675 690
677 866
875 878
678 868
876 879
685 696
686 703 704
672 754
687 711 713
688 712 714
891 909
680 692
691 699
693 701
694 702
695 709 710
697 705 892
698 706 893
866 878
868 879
700 708
696 754
703 711 712
704 713 714
711 768 771 775 778 784 789 791 792 793 796 797 798 801 806
713 769 774 776 781 782 786 787 790 794 799 803 804 807
712 770 772 777 779 783 788 795 800 805
714 773 780 785 802
699 707
702 754
709 759 761
710 760 762
705 880
892 902
706 881
893 903
715 723 724
716 721 722
880 902
881 903
717 727 728
718 725 726
719 731 732
720 729 730
759 769 770 776 777 785 791 792 794 795 797 798 802
761 768 773 775 780 782 783 787 788 793 799 800 804 805
760 771 778 786 790 796 803 807
762 772 774 779 781 784 789 801 806
724 734
722 733
728 736
726 735
732 738
730 737
739 745
740 748 749
741 746
742 750 751
743 747
744 752 753
745 754
748 759 760
749 761 762
746 754
750 764 765
747 754
752 766 767
755 768 769 770 771 775 776 777 778 782 799
756 772 773 774 779 780 781 783 784 785 786 791 800 801 802 803
757 768 769 770 771 772 775 776 777 778 779
758 773 774 780 781 787 788 789 790 792 804 805 806 807
50
848 861
850 863 864
849 862
851 863 864
809 823
811 824
813 825
815 826
817 837
819 846
821 847
822 863
828 852
830 853
832 854
834 855
836 856
839 857
841 858
843 859
845 860
34
35
36
37
38
39
40
863 865
41
42
43
44
45
46
47
48
49
864 870 871 872 873 874 877
867 875
869 876
878 897 898
879 899 900
885 892
886 893
887 894
888 895
889 896
890 901
898 907
900 908
902 51
903 52
904 53
905 54
906 55
909 910 911
56
57
911 912
913 58
58
914 58
