#adjlist.py
# GMT Tue May 17 12:03:42 2022
# 
1 298
298 302
2 303
303 251
3 298
4 564
564 704
5 566
566 706
6 570
570 710
7 334
334 382 254 255
8 307 308
307 386 395
308 434 435
9 313 394
313 465
394 465
10 1009
1009 284 1073
11 303
12 331 332
331 426 659 660 661 662
332 427 663 664 665 666 667
13 563
563 703
14 565
565 705
15 567
567 707
16 568
568 708
17 569
569 709
18 571
571 711
19 575
575 712
20 577
577 714
21 579
579 716
22 582
582 696
23 344 345
344 436 669 670 671 672
345 437 673 674 675 676
24 576
576 713
25 578
578 715
26 580
580 717
27 581
581 718
28 635
635 267
29 305
305 373
30 719 762
719 815 826 827 829 830
762 883 884
31 490
490 596
32 242 314
242
314 383 385
33 514
514 604
34 511
511 603
35 508
508 602
36 505
505 601
37 502
502 600
38 499
499 599
39 496
496 598
40 493
493 597
41 487
487 595
42 491
491 596
43 248 315
248
315 384 385
44 515
515 604
45 512
512 603
46 506
506 601
47 503
503 600
48 500
500 599
49 497
497 598
50 494
494 597
51 488
488 595
52 390
390 596
53 246 315
246
54 402
402 604
55 401
401 603
56 400
400 602
57 399
399 601
58 398
398 600
59 393
393 599
60 392
392 598
61 391
391 597
62 389
389 595
63 489
489 596
64 244 314
244
65 513
513 604
66 510
510 603
67 507
507 602
68 504
504 601
69 501
501 600
70 498
498 599
71 495
495 598
72 492
492 597
73 486
486 595
74 253
253
75 552
552 610
76 245 314
245
77 526
526 608
78 523
523 607
79 520
520 606
80 517
517 605
81 561
561 613
82 558
558 612
83 555
555 611
84 549
549 614
85 422
422 610
86 249 315
249
87 408
408 608
88 407
407 607
89 406
406 606
90 405
405 605
91 425
425 613
92 424
424 612
93 423
423 611
94 421
421 614
95 553
553 610
96 247 315
247
97 527
527 608
98 524
524 607
99 521
521 606
100 518
518 605
101 562
562 613
102 559
559 612
103 556
556 611
104 550
550 614
105 551
551 610
106 243 314
243
107 525
525 608
108 522
522 607
109 519
519 606
110 516
516 605
111 560
560 613
112 557
557 612
113 554
554 611
114 548
548 614
191 234 235 236 306
234
235
236
306 252 253
192 635 636
636 268
193 309 316
309 387 389 390 391 392 393 487 490 493 496 499
316 396 398 399 400 401 402 502 505 508 511 514
194 299
299 721
195 255 464
255
464 485
196 310 317
310 388 389 390 391 392 393 488 491 494 497 500
317 397 398 399 400 401 402 503 506 509 512 515
197 303 304 334
304 635 636
198 311 632 633 634
311 266 814 1239
632 289
633 280
634 266
199 312 313 641 723 828 1375
312 394 639 640 722 724
641 764
723 763
828 879
1375 1386
200 237 238
237
238
201 318 356
318 445 1064 1074
356 439 476
202 319 355
319 446 1076 1080
355 438 477
203 300
300 655
204 335 357
335 447 1077 1081
357 413 414
205 336 359
336 448 1078 1082
359 416 467
206 337 358
337 449 1087 1096
358 415 468
207 338 361
338 450 1088 1097
361 418 469
208 339 360
339 451 1089 1098
360 417 470
209 340 363
340 452 1090 1099
363 441 478
210 341 362
341 453 1091 1100
362 440 479
211 342 365
342 454 1092 1101
365 443 480
212 343 364
343 457 1093 1102 1140 1141
364 442 481
213 239 240 241
239
240
241
214 346 366
346 458 1094 1103 1142 1145
366 428 429
215 301 347 368
301 250
347 459 1143 1146
368 431 472
216 301 348 367
348 460 1144 1147
367 430 473
217 301 349 370
349 461 1148 1150
370 433 474
218 301 350 369
350 462 1149 1151
369 432 475
219 351 372
351 652 731
372 456 482
220 352 371
352 653 733
371 455 483
221 320 329
320 403 405 406 407 408 409 517 520 523 526 529
329 419 421 422 423 424 425 549 552 555 558 561
222 321 330
321 404 405 406 407 408 409 518 521 524 527 530
330 420 421 422 423 424 425 550 553 556 559 562
223 382 463
382 256
463 484
224 322 375
322 374
375 410
225 323 374
323 375
374 410
226 324 377
324 376
377 411
227 325 376
325 377
376 411
228 326 379
326 378
379 412
229 327 378
327 379
378 412
230 353 381
353 380
381 444
231 354 380
354 381
380 444
232 328 466
328 414
466 533
233 333 471
333 429
471 572
302 636
721 814 820 828 866
655 719 720
250
251
373 1312 1387
252
386 1037 1038 1055 1056
395 1041 1042 1065 1066
434 1113 1114 1235 1236
435 1119 1120 1237 1238
387 486 488 489 491 492 494 495 497 498 500
388 486 487 489 490 492 493 495 496 498 499
266
814 280
1239 289
639 879
640 763
722 1386
724 764
465 1047
383 463
385 257 258
384 464
396 501 503 504 506 507 509 510 512 513 515
397 501 502 504 505 507 508 510 511 513 514
509 602
445 538 834
1064 1171
1074 1179
446 539 835
1076 1186
1080 1189
403 516 518 519 521 522 524 525 527 528 530
409 609
529 609
404 516 517 519 520 522 523 525 526 528 529
530 609
414 533
419 548 550 551 553 554 556 557 559 560 562
420 548 549 551 552 554 555 557 558 560 561
426 563 564 565 566
659 703
660 704
661 705
662 706
427 567 568 569 570 571
663 707
664 708
665 709
666 710
667 711
429 572
254
447 540 836
1077 1187
1081 1190
448 541 837
1078 1188
1082 1191
449 542 838
1087 1193
1096 1195
450 543 839
1088 1194
1097 1196
451 544 840
1089 1113
1098 1119
452 545 841
1090 1114
1099 1120
453 546 842
1091 1115
1100 1121
454 547 843
1092 1116
1101 1122
457 583 847
1093 1117
1102 1123
1140 1171
1141 1179
436 575 576 577 578
669 712
670 713
671 714
672 715
437 579 580 581 582
673 716
674 717
675 718
676 696
458 584 848
1094 1118
1103 1124
1142 1186
1145 1189
459 585 849
1143 1187
1146 1190
460 586 850
1144 1188
1147 1191
461 587 851
1148 1193
1150 1195
462 588 852
1149 1194
1151 1196
652 731 732
731 765
653 733 734
733 766
438 476
477 589
439 477
476 589
413 466
415 467
468 534
416 468
467 534
417 469
470 535
418 470
469 535
440 478
479 592
441 479
478 592
442 480
481 591
443 481
480 591
428 471
430 472
473 573
431 473
472 573
432 474
475 574
433 475
474 574
455 482
483 593
456 483
482 593
1312 290 1353
1387 293 1403
410 531 621 658
411 532 621 657
412 536 537
444 590 678
256
257
258
1037 1057
1038 1058
1055 1109
1056 1110
595 632 637 642
596 634 639 643 659 677
597 633 638 640 644 660
598 645 661
599 265 646 662
1041 1067
1042 1068
1065 1111
1066 1112
600 264 641 647 663
601 263 648 664
602 649 665
603 650 666
604 651 667
528 609
605 262 655 673 684
606 260 656 674 687
607 261 675 686
608 652 676 689 732
609 653 688 734
531 622 657
621 692
658 693
532 622 658
657 692
536 617 621
537 618 622
533 615 694 736
614 668 791
610 669 681 904 922
611 670 683 905 923
612 654 671 682
613 672 685
572 623 699 744
1113 1178 1202
1114 1177 1201
1235 1291 1301
1236 1290 1300
1119 1185 1210
1120 1184 1209
1237 1299 1303
1238 1298 1302
590 629
678 701
538 771
834 885
539 773
835 886
540 775
836 887
541 777
837 888
542 779
838 889
543 781
839 890
544 783
840 891
545 785
841 892
546 787
842 893
547 789
843 894
583 798
847 895
584 800
848 896
585 802
849 897
586 804
850 898
587 806
851 899
588 808
852 900
484 594
485 594
1047 287 288
534 616 694 735
535 619 620
573 624 699 743
574 625 626
589 628 629
592 631 679
591 630 680
593 627 981
594 259 635 636 1426
622 693
615 695 735
694 767
736 768
616 695 736
735 767
619 690 694
620 691 695
617 657
618 658
771 885
773 886
775 887
777 888
779 889
781 890
783 891
785 892
787 893
789 894
703 771 772
704 773 774
705 775 776
706 777 778
707 779 780
708 781 782
709 783 784
710 785 786
711 787 788
623 700 743
699 796
744 797
624 700 744
743 796
625 697 699
626 698 700
712 789 790
713 798 799
714 800 801
715 802 803
716 804 805
717 806 807
718 808 809
696 979
798 895
800 896
802 897
804 898
806 899
808 900
628 678
629 701
630 679
680 702
631 680
679 702
627 955
981 1019
259
1426 296
637 722 754
642 746 752
643 745 751 1220 1228
677 750 901
638 721 749
644 747 753 755 756 1241 1259
645 269 724 725
265
646 270 723 726
264
647 271 748 907 919 996 1005
263
648 272 727 908 920 997 1006
649 273 728 998 1007
650 274 729 999 1008
651 275 730 903 921
262
684 741 795
260
656 719 762
687 759 810
261
686 758 811
689 761 812
732 765
688 760 813
734 766
681 737 738
904 1032
922 1044
683 740 792
905 1033
923 1045
654 906 924
682 739 793
685 742 794
668 738
791 844
695 768
690 735
691 736
692 757
693 757
700 797
697 743
698 744
955 1019
701 769 880
289
280
267
268
754 824 1170
749 859 860
879 281 282
763 276 277
764 278 279
746 817 875
752 822 877
745 816 876
751 821 878
1220 1385
1228 1389
747 818 970
753 823 972
755 825 1336
756 832 1343
1241 1384
1259 1388
269
725 853 861 867 869 1240 1258
270
726 854 868 870 1257 1274
271
748 819 971
907 1035
919 1039
996 1035
1005 1039
272
727 856 863
908 1036
920 1040
997 1036
1006 1040
273
728 855 862
998 1037
1007 1041
274
729 858 865
999 1038
1008 1042
275
730 857 864
903 1031
921 1043
906 1034
924 1046
720 762
738 844
750 860
901 964
702 770 976
737 791
739 792
793 845
740 793
792 845
741 794
795 846
742 795
794 846
758 810
811 873
759 811
810 873
760 812
813 872
761 813
812 872
757 831 833
767 871
768 871
979 1013
796 874
797 874
769 831
880 928
770 933
976 1011
772 834
774 835
776 836
778 837
780 838
782 839
784 840
786 841
788 842
790 843
799 847
801 848
803 849
805 850
807 851
809 852
815 902 931
826 903 904 905 906
827 907 908 925
829 919 920 927
830 921 922 923 924
820 914 1136 1169
866 965 1050
1386 291 292
853 910 911
861 916 917
867 918 1335
869 929 1342
1240 1390
1258 1395
854 912 913
868 926 1341
870 930 1348
1257 1394
1274 1399
856 957 984
863 961 988
855 956 985
862 960 989
858 959 986
865 963 990
857 958 987
864 962 991
765 881 969
766 882 968
844 950 1017 1049
816 875
876 909
817 876
875 909
818 911
970 1001
819 912
971 1002
859 901
860 964
821 877
878 915
822 878
877 915
823 917
972 1004
824 1138
1170 1213
825 1310
1336 1352
832 1323
1343 1364
831 928
833 880
883 973 974
884 982 983
276
277
278
279
881 969 995
969 995
882 968 994
968 994
871 932 933
933 1011
885 943
886 942
887 941
888 940
889 939
890 938
891 937
892 936
893 935
894 934
845 951 1017 1048
846 952 953
874 954 955
895 949
896 948
897 947
898 946
899 945
900 944
873 967 992
872 966 993
902 1010 1020 1021
931 1014 1022 1023
911 1001
912 1002
914 1137 1168
1136 1216
1169 1217
917 1004
1138 1213
1310 1352
925 996 997 998 999
927 1005 1006 1007 1008
928 975
1323 1364
950 1018 1048
1017 1083
1049 1084
951 1018 1049
1048 1083
952 1015 1017
953 1016 1018
910 970
913 971
956 984
985 1025
957 985
984 1025
958 986
987 1024
959 987
986 1024
964 1026 1027
916 972
960 988
989 1029
961 989
988 1029
962 990
991 1028
963 991
990 1028
965 1027
1050 1108
918 1309
1335 1351
926 1320
1341 1356
929 1322
1342 1363
930 1332
1348 1367
932 976
966 992
993 1030
967 993
992 1030
954 981
909 1000 1134 1167
915 1003 1136 1168
281
282
995 283
994 283
973 1031 1032 1033 1034
974 1043 1044 1045 1046
982 1115 1116 1117 1118
983 1121 1122 1123 1124
943 978
942 978
941 978
940 978
939 978
938 977
937 977
936 977
935 977
934 977
949 980
948 980
947 980
946 980
945 980
944 979
1010 1064 1075 1076 1077 1078
1020 1086 1087 1088 1089 1090
1021 1091 1092 1093 1094
1031 1051
1032 1052
1033 1053
1034 1054
1035 1055
1036 1056
1000 1135 1166
1134 1214
1167 1215
1001 1059 1134 1166
1002 1060 1061
1137 1217
1168 1216
1003 1137 1169
1004 1062 1063
1309 1351
1039 1065
1040 1066
1043 1069
1044 1070
1045 1071
1046 1072
1320 1356
975 1009
1322 1363
1332 1367
1014 1074 1079 1080 1081 1082
1022 1095 1096 1097 1098 1099
1023 1100 1101 1102 1103
1011 286 1425
977 1012
978 1012
980 1013
1018 1084
1015 1048
1016 1049
1019 285 1408
1026 1050
1027 1108
1012 1047
1013 1047
1115 1176 1200
1116 1175 1199
1117 1174 1198
1118 1173 1197
1121 1183 1208
1122 1182 1207
1123 1181 1206
1124 1180 1205
1025 1105 1125
1024 1104 1126
1029 1107 1127
1028 1106 1128
1030 1085 1221
283
1135 1215
1166 1214
1059 1135 1167
1060 1130 1134
1061 1131 1135
1062 1132 1136
1063 1133 1137
284
1073 1425
1075 1140 1142 1143 1144
286
1425 1426
1079 1141 1145 1146 1147
1083 1129
1084 1129
285
1408 1426
1086 1148 1149
1095 1150 1151
1104 1125
1126 1152
1105 1126
1125 1152
1108 1138 1139
1106 1127
1128 1153
1107 1128
1127 1153
1085 1172
1221 1242
1051 1157 1176
1052 1156 1175
1053 1155 1174
1054 1154 1173
1057 1159 1178
1058 1158 1177
1067 1165 1185
1068 1164 1184
1069 1163 1183
1070 1162 1182
1071 1161 1181
1072 1160 1180
287
288
1157 1225 1287
1176 1360
1156 1224 1286
1175 1359
1155 1223 1285
1174 1358
1154 1222 1284
1173 1379
1109 1204 1291
1110 1203 1290
1159 1227 1289
1178 1361
1158 1226 1288
1177 1400
1130 1166
1131 1167
1132 1168
1133 1169
1171 1220
1111 1212 1299
1112 1211 1298
1165 1234 1297
1185 1372
1164 1233 1296
1184 1404
1163 1232 1295
1183 1371
1162 1231 1294
1182 1370
1161 1230 1293
1181 1369
1160 1229 1292
1180 1383
1179 1228
1186 1241 1278
1187 1240 1277
1188 1257 1279
1189 1259 1281
1190 1258 1280
1191 1274 1282
1129 1172 1192
1172 1242
1193 1235
1194 1236
1195 1237
1196 1238
1139 1170
1204 1256 1355
1291 1393
1203 1255 1354
1290 1362
1212 1273 1366
1299 1398
1211 1272 1365
1298 1373
1202 1253 1254
1201 1251 1252
1200 1249 1250
1199 1247 1248
1198 1245 1246
1197 1243 1244
1210 1270 1271
1209 1268 1269
1208 1266 1267
1207 1264 1265
1206 1262 1263
1205 1260 1261
1152 1218 1333
1153 1219 1334
1192 1221
1214 1275
1215 1275
1216 1276
1217 1276
1213 1239
1218 1305
1333 1349
1219 1307
1334 1350
1222 1244
1284 1313
1223 1246
1285 1314
1224 1248
1286 1315
1225 1250
1287 1316
1226 1252
1288 1317
1227 1254
1289 1318
1229 1261
1292 1325
1230 1263
1293 1326
1231 1265
1294 1327
1232 1267
1295 1328
1233 1269
1296 1329
1234 1271
1297 1330
1242 1283
1379 1391 1414
1358 1379
1359 1379
1360 1379
1400 1407
1361 1400
1383 1396 1415
1369 1383
1370 1383
1371 1383
1404 1409
1372 1404
1278 1310 1311
1277 1308 1309
1279 1319 1320
1281 1323 1324
1280 1321 1322
1282 1331 1332
1243 1284
1244 1313
1245 1285
1246 1314
1247 1286
1248 1315
1249 1287
1250 1316
1251 1288
1252 1317
1253 1289
1254 1318
1255 1338
1354 1376
1256 1340
1355 1377
1260 1292
1261 1325
1262 1293
1263 1326
1264 1294
1265 1327
1266 1295
1267 1328
1268 1296
1269 1329
1270 1297
1271 1330
1272 1345
1365 1380
1273 1347
1366 1381
1275 1304 1305
1276 1306 1307
1305 1349
1307 1350
1385 1390
1389 1395
1301 1339 1340
1300 1337 1338
1303 1346 1347
1302 1344 1345
1390 1401
1384 1390
1283 1312
1313 1357 1358 1359 1360
1314 1357 1359 1360
1315 1357 1360
1316 1357
1317 1361 1362 1392 1393 1394
1318 1362 1392 1393 1394
1338 1376
1340 1377
1394 1400
1395 1405
1388 1395
1325 1368 1369 1370 1371
1326 1368 1370 1371
1327 1368 1371
1328 1368
1329 1372 1373 1397 1398 1399
1330 1373 1397 1398 1399
1345 1380
1347 1381
1399 1404
1304 1333
1306 1334
1308 1335
1311 1336
1319 1341
1321 1342
1324 1343
1331 1348
1362 1400
1393 1400
1373 1404
1398 1404
1337 1354
1339 1355
1344 1365
1346 1366
1349 1374
1350 1375
1351 1384 1385
1352 1385
290
1353 1408
1357 1378
1392 1401
1356 1392
1363 1388 1389
1364 1389
1368 1382
1397 1405
1367 1397
1376 1392 1393 1394
1377 1392 1394
1380 1397 1398 1399
1381 1397 1399
1374 1387
1378 1402
1382 1406
1402 1411
1391 1402
1414 1416
1406 1413
1396 1406
1415 1417
291
292
293
1403 1408
1401 1407
1405 1409
1407 1410 1411
1411 1416
1409 1412 1413
1413 1417
1410 1414
1412 1415
1416 1418 1420
1417 294 1418 1419
1418 1419 1420
1420 1421
294
1419 1421
1421 1422 1423
1422 1423 1424
1423 1424
1424 295 1425
295
296
1427 297
297
