#adjlist.py
# GMT Tue May 17 12:03:42 2022
# 
1 92 93 94 119 130 131 155 157 217 280 281
92 184 220
93 185 186 187 311 312 342
94 182 183
119 188 249
130 156
131 156
155 441 442 443 444
157 445 446 447 448
217 368 369 371 372 374 375 377 378 380 381 383 384 386 387 389 390
280 437 438
281 439 440
2 95 96 97 130 280 281
95 179 189 220
96 185 186 187 312 343 344
97 154
3 97 98 99 100 122 125 126 127 128 131 132 152
98 189 220 343
99 185 186 311 312
100 195 196 197 198 199 200 201 202 251 254 256 259 262 265 267 270
122 203 204
125 338
126 339
127 205 206
128 153
132 155
152 250 251 253 254 255 256 258 259 261 262 264 265 266 267 269 270
4 101 102 103 104 129 131 133
101 152
102 207 309 341
103 180 208 310
104 218 219
129 209 210 211 212 213 214 215 216 353 355 357 359 361 363 365 367
133 157
5 104 105 106
105 181 183
106 182
6 106 107 108 189
107 183 184
108 177 178
189 249
7 73 74 109 145 325 369 441
73 159 248 859 868 877 886 895 904 913
74 174 471 550 674
109 158 190
145 230 457
325 416
369 622 623
441 622 623
8 75 76 110 111 146 147 372 442 471
75 160 867 876 885 894 903 912 915
76 171 229 675
110 320 327
111 158 190
146 175 409
147 191 412
372 1004 1005
442 1004 1005
471 540
9 77 78 79 112 113 120 375 443
77 173 303
78 171 231 676
79 161 875 884 893 902 911 916 923
112 322 329
113 158 190 257
120 237 238
375 626 627
443 626 627
10 80 81 82 260 324 331 378 421 444
80 173 538
81 232 241 677
82 162 883 892 901 910 917 924 931
260 417
324 416
331 673
378 629 630
421 510
444 629 630
11 83 84 114 115 294 306 381 423 445
83 163 891 900 909 918 925 932 939
84 233 537
114 326 333
115 192 193
294 52
306 542
381 632 633
423 511
445 632 633
12 85 86 116 117 148 149 384 425 446
85 164 899 908 919 926 933 940 947
86 172 234 541
116 328 335
117 192 193
148 176 410
149 194 413
384 1018 1019
425 512
446 1018 1019
13 87 88 118 121 330 387 427 447
87 165 907 920 927 934 941 948 955
88 172 235 545
118 192 193 268
121 239 240
330 673
387 636 637
427 513
447 636 637
14 89 90 271 332 390 429 448
89 166 539 921 928 935 942 949 956 963
90 236 298 299 543
271 420
332 419
390 639 640
429 514
448 639 640
15 850
850 983
16 857 858
857 983
858 984
17 856 865 866
856 983
865 984
866 985
18 855 864 873 874
855 983
864 984
873 985
874 986
19 854 863 872 881 882
854 983
863 984
872 985
881 986
882 987
20 853 862 871 880 889 890
853 983
862 984
871 985
880 986
889 987
890 988
21 321 852 861 870 879 888 897 898
321 415
852 983
861 984
870 985
879 986
888 987
897 988
898 989
22 323 851 860 869 878 887 896 905 906
323 672
851 983
860 984
869 985
878 986
887 987
896 988
905 989
906 990
23 153 1000 1006 1010 1014 1020 1024 1092 1103
153 342
1000 1090 1091
1006 1097 1098
1010 1099 1100
1014 1101 1102
1020 1108 1109
1024 1110 1111
1092 1160 1161
1103 1162 1163
24 127 134 1001 1007 1011 1015 1021 1025 1093 1104
134 221 978
1001 1090 1091
1007 1097 1098
1011 1099 1100
1015 1101 1102
1021 1108 1109
1025 1110 1111
1093 1160 1161
1104 1162 1163
25 123 1002 1008 1012 1016 1022 1026 1094 1105
123 203 204
1002 1066
1008 1067
1012 1068
1016 1069
1022 1070
1026 1071
1094 1143
1105 1147
26 124 125 126 336 1003 1009 1013 1017 1023 1027 1095 1106
124 337
336 494 496
1003 1066
1009 1067
1013 1068
1017 1069
1023 1070
1027 1071
1095 1143
1106 1147
27 135 392 393 394 395 396 397 1654
135 223 224
392 837 1113
393 1190
394 838 839 840
395 524 1164 1165 1192
396 841 842 1119
397 1166 1167 1265
1654 70
28 272
272 510
29 273 422
273 511
422 510
30 137 159 274 424 551
137 167 245
159 242
274 512
424 511
551 624
31 138 160 275 426 554
138 168 244
160 242
275 513
426 512
554 625
32 139 161 276 428 557
139 169 247
161 242
276 514
428 513
557 628
33 140 162 277 430 560
140 170 246
162 242
277 515
430 514
560 631
34 141 151 163 278 432 563
141 225 291
151 414
163 243
278 516
432 515
563 634
35 91 142 164 279 434 566
91 151
142 226 290
164 243
279 517
434 516
566 635
36 91 143 165 436 569
143 227 293
165 243
436 517
569 638
37 144 166 572
144 228 292
166 243
572 641
38 552 555 558 561 564 567 570 573
552 624
555 625
558 628
561 631
564 634
567 635
570 638
573 641
39 334 431 914 929 936 943 950 957 964 971
334 420
431 515
914 991
929 992
936 993
943 994
950 995
957 996
964 997
971 998
40 433 922 937 944 951 958 965 972
433 516
922 992
937 993
944 994
951 995
958 996
965 997
972 998
41 435 930 945 952 959 966 973
435 517
930 993
945 994
952 995
959 996
966 997
973 998
42 938 953 960 967 974
938 994
953 995
960 996
967 997
974 998
43 946 961 968 975
946 995
961 996
968 997
975 998
44 954 969 976
954 996
969 997
976 998
45 962 977
962 997
977 998
46 970
970 998
47 150 1303 1322 1354 1370 1371 1379 1400 1421 1422 1445 1507
150 222 1411
1303 1335 1470
1322 1365 1366
1354 1380 1392
1370 1417 1418
1371 1419 1420
1379 1406 1485
1400 1425 1487
1421 58
1422 1462 1463
1445 1459
1507 1521 1534
48 136 394 395 396 397
136 223 224
49 129
50 525 526
525 1682 1688
526 1683 1687
248 411 548 669
859 984
868 985
877 986
886 987
895 988
904 989
913 990
174 300 303
550 1081
674 1324
867 985
876 986
885 987
894 988
903 989
912 990
915 991
171 248
229 401 402
675 1368
173 471
303 584
231 403 459
676 1326
875 986
884 987
893 988
902 989
911 990
916 991
923 992
538 584
232 404 458
241 51
677 1327
883 987
892 988
901 989
910 990
917 991
924 992
931 993
891 988
900 989
909 990
918 991
925 992
932 993
939 994
233 405 461
537 849
899 989
908 990
919 991
926 992
933 993
940 994
947 995
172 294 306
234 406 460
541 1048
907 990
920 991
927 992
934 993
941 994
948 995
955 996
235 407 463
545 1133
539 587
921 991
928 992
935 993
942 994
949 995
956 996
963 997
236 408 462
298 471 670
299 544
543 1132
184 382 564
220 392 393 394 395 396 397
185 309 310
186 317 486
187 319 488
311 485 486 487 488
312 481 482
342 500 501
182 370 373 376 379 552 555 558 561
183 385 388 391 567 570 573
179 311 342
343 506 507 508 509 615 617 619 621
344 502 503 504 505 607 609 611 613
154 217
195 252
196 588
197 257
198 260
199 263
200 589
201 268
202 271
251 321
254 323
256 325
259 327
262 329
265 331
267 333
270 335
207 345 346 347 348 349 350 351 1053 1055 1057 1059 1061 1063 1065
309 466 467 472 473 475 477 478 480
341 498 499
180 340 343 344
208 352 353 354 355 356 357 358 359 360 361 362 363 364 365 366 367
310 467 468 473 474 476 477 479 480
218 280
219 281
181 312 340 341
177 307 540
178 308 411
158 241
190 252
320 415
327 417
322 672
329 418
257 416
326 417
333 419
192 298 299
193 263
328 418
335 420
268 419
188 318 586
249 449 450 451 452 453 454 455 456 644 646 648 650 652 654 656 658
237 301 302
238 313 314
239 304 305
240 315 316
203 491 492 495 496
204 489 490 493 494
337 493 495
338 490 492
339 489 491
205 336 337
206 338 339
209 272
210 273
211 274
212 275
213 276
214 277
215 278
216 279
353 422
355 424
357 426
359 428
361 430
363 432
365 434
367 436
156 282 283 284 285 286 287 288 289 368 371 374 377 380 383 386 389
221 847
978 1028
223 1622 1626
224 398 1628
167 244
245 295
168 245
244 295
169 246
247 296
170 247
246 296
225 290
291 399
226 291
290 399
227 292
293 400
228 293
292 400
230 402
457 531
175 301
409 469
191 313
412 483
176 304
410 470
194 315
413 484
222 1389
1411 1426
414 659 660
250 320
253 322
255 324
258 326
261 328
264 330
266 332
269 334
282 518
283 816
284 519
285 520
286 521
287 828
288 522
289 523
368 441
371 442
374 443
377 444
380 445
383 446
386 447
389 448
242 297
243 297
300 538
301 469
304 470
307 980
540 1047
308 982
411 1049
340 497 499
370 551
373 554
376 557
379 560
385 566
388 569
391 572
382 563
317 414
486 549
319 671
488 1559
318 1403
586 670
252 415
313 483
263 418
315 484
588 672
589 673
491 592 600
492 593 601
495 596 604
496 597 605
489 590 598
490 591 599
493 594 602
494 595 603
345 1052
346 1054
347 1056
348 1058
349 1060
350 1062
351 1064
1053 1082
1055 1083
1057 1084
1059 1085
1061 1086
1063 1087
1065 1088
352 421
354 423
356 425
358 427
360 429
362 431
364 433
366 435
847 1028
1389 1426
1622 1634 1635
1626 1642 1643
398 525 526
1628 1644
401 457
402 531
403 458
459 532
404 459
458 532
405 460
461 533
406 461
460 533
407 462
463 534
408 463
462 534
302 409
314 412
305 410
316 413
51
297 549
295 527 529
296 528 530
548 659 660
669 1437 1438
449 1590
450 1528
451 1555
452 1514
453 1556
454 1529
455 1516
456 1460
644 1355
646 1393
648 1356
650 1357
652 1358
654 1394
656 1359
658 1360
415 518
416 519
417 520
418 521
419 522
420 523
510 553
511 556
512 559
513 562
514 565
515 568
516 571
517 574
437 565 568 571 574
438 563 564 566 567 569 570 572 573
439 553 556 559 562
440 551 552 554 555 557 558 560 561
518 622 623
816 1004 1005
519 626 627
520 629 630
521 632 633
828 1018 1019
522 636 637
523 639 640
399 464 536
400 465 535
52
527 575 662
529 577 664
528 576 661
530 578 663
549 659 660
670 1437 1438
544 1133
469 538
584 671
470 539
542 1132
980 1047
982 1049
466 684
467 537
472 981
473 541
475 1079
477 543
478 1080
480 545
468 849
474 1048
476 542
479 544
485 548
487 587
481 643 644 645 646 647 648 649 650 651 652 653 654 655 656 657 658
482 585 586
483 546
484 547
1403 1437 1438
671 1577 1578
672 816
673 828
497 1050
499 550
498 1051
500 606 607 608 609 610 611 612 613
501 614 615 616 617 618 619 620 621
506 1308
507 1340
508 1310
509 1311
615 999
617 1089
619 1158
621 1159
502 1304
503 1339
504 1306
505 1307
607 674
609 675
611 676
613 677
1052 1082
1054 1083
1056 1084
1058 1085
1060 1086
1062 1087
1064 1088
622 837 1000 1001
623 815 1002 1003
1004 1092 1093 1113
1005 1094 1095 1096
626 838 1006 1007
627 821 1008 1009
629 839 1010 1011
630 824 1012 1013
632 840 1014 1015
633 827 1016 1017
1018 1103 1104 1119
1019 1105 1106 1107
636 841 1020 1021
637 833 1022 1023
639 842 1024 1025
640 836 1026 1027
837 1035 1036
1113 1168 1169
1190 1206
838 1037 1038
839 1039 1040
840 1041 1042
524 642 1244
1164 1194 1382
1165 1191 1376
1192 1207
841 1043 1044
842 1045 1046
1119 1170 1171
1166 1334 1350
1167 1193 1195
1265 1300 1302
464 535
536 579
465 536
535 579
531 580 666
1049 1079
659 53
660 678
565 634
568 635
571 638
574 641
553 624
556 625
559 628
562 631
1590 1612 1613
1528 1606 1607
1555 1608 1609
1514 1540 1541
1556 1591 1592
1529 1598 1599
1516 1593 1594
1460 1492 1493
532 581 665
533 582 668
534 583 667
684 849
849 999
981 1048
1048 1089
1079 1132
1080 1133
643 1602
645 1596
647 1597
649 1515
651 1575
653 1582
655 1576
657 1461
585 669
546 588
547 589
587 1577 1578
1559 1577 1578
590 685 693 701 709 717 725 733 741
598 749 757 765 773 781 789 797 805
591 686 694 702 710 718 726 734 742
599 750 758 766 774 782 790 798 806
592 687 695 703 711 719 727 735 743
600 751 759 767 775 783 791 799 807
593 688 696 704 712 720 728 736 744
601 752 760 768 776 784 792 800 808
594 689 697 705 713 721 729 737 745
602 753 761 769 777 785 793 801 809
595 690 698 706 714 722 730 738 746
603 754 762 770 778 786 794 802 810
596 691 699 707 715 723 731 739 747
604 755 763 771 779 787 795 803 811
597 692 700 708 716 724 732 740 748
605 756 764 772 780 788 796 804 812
1050 1081
1051 1081
606 1134
608 1135
610 1136
612 1137
614 1138
616 1139
618 1140
620 1141
1304 1324
1339 1368
1306 1326
1307 1327
1308 1328
1340 1369
1310 1330
1311 1331
642 1072
1244 1266
1682 1692
1688 1692
1683 1692
1687 1692
575 661
662 679
576 662
661 679
577 663
664 680
578 664
663 680
580 665
666 682
581 666
665 682
582 667
668 683
583 668
667 683
579 681 684
1047 1080
1132 1159
1133 1158
1081 1134
624 813 814
625 817 818
628 819 820
631 822 823
634 825 826 843 847
635 829 830 844 847
638 831 832 845 847
641 834 835 846 847
681 1030 1032
1577 62
1578 1585
685 850
693 858
701 866
709 874
717 882
725 890
733 898
741 906
686 851
694 859
702 867
710 875
718 883
726 891
734 899
742 907
687 852
695 860
703 868
711 876
719 884
727 892
735 900
743 908
688 853
696 861
704 869
712 877
720 885
728 893
736 901
744 909
689 854
697 862
705 870
713 878
721 886
729 894
737 902
745 910
690 855
698 863
706 871
714 879
722 887
730 895
738 903
746 911
691 856
699 864
707 872
715 880
723 888
731 896
739 904
747 912
692 857
700 865
708 873
716 881
724 889
732 897
740 905
748 913
749 914
757 922
765 930
773 938
781 946
789 954
797 962
805 970
750 915
758 923
766 931
774 939
782 947
790 955
798 963
806 971
751 916
759 924
767 932
775 940
783 948
791 956
799 964
807 972
752 917
760 925
768 933
776 941
784 949
792 957
800 965
808 973
753 918
761 926
769 934
777 942
785 950
793 958
801 966
809 974
754 919
762 927
770 935
778 943
786 951
794 959
802 967
810 975
755 920
763 928
771 936
779 944
787 952
795 960
803 968
811 976
756 921
764 929
772 937
780 945
788 953
796 961
804 969
812 977
1134 1324
1135 1368
1136 1326
1137 1327
1138 1328
999 1328
1139 1369
1089 1369
1140 1330
1158 1330
1141 1331
1159 1331
815 1066
813 1000 1003
814 1001 1002
817 1092 1095
818 1093 1094
821 1067
819 1006 1009
820 1007 1008
824 1068
822 1010 1013
823 1011 1012
827 1069
825 1014 1017
826 1015 1016
843 978
829 1103 1106
830 1104 1105
844 978
833 1070
831 1020 1023
832 1021 1022
845 978
836 1071
834 1024 1027
835 1025 1026
846 978
1072 1266
1602 1612 1613
1355 1612 1613
1596 1606 1607
1393 1606 1607
1597 1608 1609
1356 1608 1609
1515 1540 1541
1357 1540 1541
1575 1591 1592
1358 1591 1592
1582 1598 1599
1394 1598 1599
1576 1593 1594
1359 1593 1594
1461 1492 1493
1360 1492 1493
53
678 53
679 848
680 1029 1031
682 982 1033 1034
683 979 981
1437 59
1438 1450
1324 1355
1368 1393
1326 1356
1327 1357
848 980
1029 1077 1129
1031 1073 1131
1030 1078 1128
1032 1074 1130
1033 1076 1173
1034 1075 1172
979 1124 1125
1066 1142
1067 1144
1068 1145
1069 1146
1070 1148
1071 1149
1035 1126 1267
1036 1112 1255
1037 1114 1261
1038 1115 1256
1039 1116 1262
1040 1117 1257
1041 1127 1268
1042 1118 1258
1043 1123 1264
1044 1120 1259
1045 1121 1263
1046 1122 1260
1028 1072
983 1050
984 1052
985 1054
986 1056
987 1058
988 1060
989 1062
990 1064
991 1051
992 1053
993 1055
994 1057
995 1059
996 1061
997 1063
998 1065
1124 1156 1157
1125 1154 1155
1328 1358
1090 1150
1091 1142
1096 1143
1097 1164 1199
1098 1144
1099 1165 1200
1100 1145
1101 1151
1102 1146
1107 1147
1108 1166 1202
1109 1148
1110 1167 1203
1111 1149
1077 1128
1129 1152
1078 1129
1128 1152
1073 1130
1131 1153
1074 1131
1130 1153
1076 1156
1173 1183
1075 1154
1172 1182
1126 1246
1267 1288
1112 1223
1255 1270
1114 1232
1261 1281
1115 1224
1256 1272
1116 1235
1262 1282
1117 1225
1257 1273
1127 1250
1268 1289
1118 1226
1258 1274
1123 1243
1264 1287
1120 1227
1259 1276
1121 1240
1263 1284
1122 1228
1260 1277
1082 1135
1083 1136
1084 1137
1085 1138
1086 1139
1087 1140
1088 1141
1142 1176 1184 1198 1199 1200
1144 1177 1198 1200
1145 1178 1198
1146 1179 1185 1201 1202 1203
1148 1180 1201 1203
1149 1181 1201
1266 1301 1303 1354
1154 1182
1156 1183
1369 1394
1150 1220
1160 1184 1190
1161 1174
1143 1174
1199 1220
1200 1220
1151 1221
1162 1185 1192
1163 1175
1147 1175
1202 1221
1203 1221
1223 1270
1168 1186 1298
1169 1187 1291
1232 1281
1224 1272
1235 1282
1225 1273
1226 1274
1170 1189 1299
1171 1188 1295
1227 1276
1240 1284
1228 1277
1243 1287
1157 1173
1155 1172
1246 1288
1250 1289
1152 54
1153 54
1330 1359
1331 1360
1176 1208 1209
1184 1220
1198 56 1229 1253
1174 1198 1199 1200 1204
1177 1210 1211
1178 1212 1213
1179 1214 1215
1185 1221
1201 56 1244
1175 1201 1202 1203 1205
1180 1216 1217
1181 1218 1219
1220 1254 1342
1221 1253 1265
54
1182 1196
1183 1197
1194 1375
1382 1404
1191 1348 1383
1376 1407 1408
1334 1373 1378 1402
1350 1377
1193 1319 1351
1195 1222 1372
1186 1279
1298 1312
1187 1271
1291 1305
1189 1286
1299 1317
1188 1275
1295 1309
1204 1247 1248
1205 1251 1252
1208 1245 1246
1209 1223 1230
1210 1231 1232
1211 1224 1233
1212 1234 1235
1213 1225 1236
1214 1249 1250
1215 1226 1237
1216 1242 1243
1217 1227 1238
1218 1239 1240
1219 1228 1241
1196 55
1197 55
1279 1312
1271 1305
1275 1309
1286 1317
1206 1404
1348 1375
1383 1404
1207 1377
1319 1334
1351 1377
1375 1412 1413
1222 1352
1372 1386
55
56
1229 1332 1333
1253 1269
1247 1278 1279
1248 1271 1280
1251 1285 1286
1252 1275 1283
1404 1446 1447
1377 1409 1410
1245 1267
1230 1255
1231 1261
1233 1256
1234 1262
1236 1257
1249 1268
1237 1258
1242 1264
1238 1259
1239 1263
1241 1260
1254 1269
1342 1391 1395 1428
1352 1386
1270 1290
1272 1292
1273 1293
1274 1294
1276 1296
1277 1297
1332 1342
1333 1374 1445
1281 1313 1314
1282 1315 1316
1284 1318 1322
1287 1319 1323 1345 1346 1351
1288 1320 1482
1278 1298
1280 1291
1289 1321 1424
1285 1299
1283 1295
1269 57
1300 1332 1336 1337 1347 1349 1384
1302 1338 1414
1301 1333 1343 1344 1381
57
1290 1304
1305 1325
1292 1306
1293 1307
1294 1308
1309 1329
1296 1310
1297 1311
1312 1341 1361
1313 1383 1384
1314 1343 1348 1349 1362 1381
1315 1344 1347 1363
1316 1343 1349 1381 1384
1318 1345 1346 1367
1317 1345 1350 1351 1364
1323 1352 1353
1345 1371
1346 1400 1421
1320 1467
1482 1495
1321 1410
1424 1442
1336 1354
1337 1380 1392
1347 1376
1349 1375
1384 1404
1343 1379
1344 1370
1381 1422 1431
1338 1398
1414 1434
1335 1454
1470 1486
1325 1339
1329 1340
1341 1381 1382 1383 1384
1361 1396 1432
1362 1385 1423
1363 1397 1398
1364 1399 1433
1367 1389 1390
1467 1495
1410 1442
1365 1387 1473
1366 1388 1474
1353 1372
1374 1405 1465
1373 1401 1402
1378 1415 1416
1402 58
1454 1486
1380 1403
1392 1429 1518
1398 1434
1391 1427 1428
1395 1430 1494
1428 1459
1386 1435 1436
1612 67 1626 1629
1613 1627 1628
1608 1621 68
1609 1617 1627
1540 1567 1568 61
1541 1558 1627
1591 1604 63
1592 1600 1610
1593 1603 64
1594 1601 1610
1492 1519 60
1493 1509 1610
1396 1413
1432 1448
1385 1408
1423 1439
1397 1414
1399 1416
1433 1449
1387 1456
1473 1488
1388 1458
1474 1489
1390 1411
1417 1440 1510
1418 1441 1511
1419 1443 1512
1420 1444 1513
1401 1421
1405 1451
1465 1481
1412 1432
1413 1448
1407 1423
1408 1439
1409 1424
1415 1433
1416 1449
1406 1469
1485 1496
1431 1451 1452
1435 1455 1456
1436 1457 1458
1456 1488
1458 1489
1426 1460 1461
1427 1445
1429 1464 1549 1550
1518 1538 1565
1606 66 1622 1623
1607 1627 1628
1598 1611 65
1599 1605 1610
1430 1476
1494 1506
1434 1453 1454
1425 1472
1487 1505
58
1446 1475 1476
1447 1466 1467
1451 1481
1469 1496
1439 1477 1478
1442 1479 1480
1448 1468 1469
1449 1471 1472
1440 1498
1510 1522
1441 1500
1511 1523
1443 1502
1512 1524
1444 1504
1513 1525
1462 1483 1560
1463 1484 1561
1472 1505
1459 1490 1557
1464 1491 1539
1549 1562
1550 1562
1476 1506
1452 1465
1453 1470
1455 1473
1457 1474
59
1450 59
1477 1497 1498
1478 1499 1500
1498 1522
1500 1523
1479 1501 1502
1480 1503 1504
1502 1524
1504 1525
1475 1494
1466 1482
1468 1485
1471 1487
1481 1507
1486 1514 1515
1488 1516 1518 1550
1489 1508
1490 1517 1586 1587
1557 1571 1572
1483 1546
1560 1569
1484 1548
1561 1570
1491 1526
1539 1554
1495 1530 1531
1496 1528 1532 1587
1505 1529 1533 1550
1506 1520 1535
1497 1510
1499 1511
1501 1512
1503 1513
1546 1569
1548 1570
1508 1526 1527
1517 1537 1573
1586 1595
1587 1595
1526 1554
1519 1542 1618
60
1509 60
1610 1636 1637
1530 1545 1546
1531 1547 1548
1532 1551 1580
1522 1555 1557 1587
1523 1543
1524 1550 1556
1525 1536
1533 1552 1553
1520 1534
1535 1544
1521 1535
1534 1544
1527 1539
1537 1563
1573 1581
1538 1553
1565 1574
1542 1614
1618 1624
1543 1563 1564
1536 1549
1554 1566
1545 1560
1547 1561
1551 1571
1580 1588
1552 1565
1553 1574
1544 1559
1563 1581
1567 1583 1657
1568 1584 1658
61
1558 61
1627 1636 1637
1614 1624
1564 1573
1569 1587 1590
1570 1579
1562 1575
1571 1588
1574 1582
1566 1576
1572 1580
1581 1589
1583 1645
1657 1668
1584 1647
1658 1669
1579 1586
1588 1596
62
1585 62
1589 1597
1645 1668
1647 1669
1595 1602
1604 1616 1625
63
1600 63
1603 1614 1615
64
1601 64
1611 1619 1620
65
1605 65
1615 1618
1616 1620
1625 1630
66
1623 1633 1653
1621 1631 1632
68
1617 68
1636 69
1637 1644
1619 1625
1620 1630
67
1629 1640 1641
1624 1638 1639
1630 1651 1652
1631 1645 1646
1632 1647 1648
1634 1649 1670
1635 1650 1671
1633 1641
1653 1663
1638 1655 1672
1639 1656 1673
1642 1659 1660
1643 1661 1662
1644 1654
1640 1653
1641 1663
1651 1664 1665
1652 1666 1667
1646 1657
1648 1658
1649 1660
1670 1676
1650 1661
1671 1677
69
1655 1664
1672 1678
1656 1666
1673 1679
1663 1675 1691
1659 1670
1660 1676
1661 1677
1662 1671
1668 1681 1682 1687
1669 1674
1664 1678
1665 1672
1666 1679
1667 1673
70
1676 1682 1683
1677 1680
1675 1686
1691 1695
1678 1689 1690
1679 1684
1681 1685 1686
1674 1683 1688
1686 1695
1680 1687 1688
1689 1697 1714
1690 1696 1715
1684 1693 1694
1685 1691
1692 1700 1701
1693 1699 1710
1694 1698 1711
1695 1702 1703
1697 1708
1714 1718
1696 1709
1715 1719
1700 1704 1707
1701 1705 1706
1699 1704
1710 1716
1698 1705
1711 1717
1702 1708 1713
1703 1709 1712
1709 1719
1708 1718
1705 1717
1704 1716
1707 1710
1706 1711
1713 1714
1712 1715
1716 71
1717 71
1718 72
1719
71
72
1720 72
