#adjlist.py
# GMT Tue May 17 12:03:42 2022
# 
1 44 98
44 62
98 178
2 45 62 178
45 63 64
62 89 92
178 187
3 63 144
63 110
144 178
4 46 100
46 65
100 179
5 64 169
64 111
169 178
6 47 65 179
47 73 74
65 89 93
179 188 41 42 43
7 73 146
73 112
146 179
8 48 102
48 66
102 180
9 74 170
74 120
170 179
10 49 66 180
49 75 76
66 89 94
180 188 193 194 196 41 42
11 75 148
75 113
148 180
12 50 104
50 67
104 181
13 76 171
76 121
171 180
14 51 67 181
51 77 78
67 89 95
181 188 189 194 195 196
15 77 150
77 114
150 181
16 52 105
52 68
105 182
17 78 172
78 122
172 181
18 53 68 182
53 79 80
68 89 96
182 188 194 195 41
19 79 152
79 115
152 182
20 54 106
54 69
106 183
21 80 173
80 123
173 182
22 55 69 183
55 81 82
69 89 97
183 188 190
23 81 154
81 116
154 183
24 56 107
56 70
107 184
25 82 174
82 124
174 183
26 57 70 184
57 83 84
70 89 99
184 188 191 196
27 83 155
83 117
155 184
28 58 108
58 71
108 185
29 84 175
84 125
175 184
30 59 71 185
59 85 86
71 89 101
185 188 192
31 85 156
85 118
156 185
32 60 109
60 72
109 186
33 86 176
86 126
176 185
34 61 72 186
61 87 88
72 89 103
186 188
35 87 157
87 119
157 186
36 88 177
88 127
177 186
89 90 91 37
92 110 111
110 128 140
111 129
93 112 120
94 113 121
95 114 122
96 115 123
97 116 124
99 117 125
101 118 126
103 119 127
112 128 141
120 130
113 128 142
121 131
114 128 143
122 132
115 128 145
123 133
116 128 147
124 134
117 128 149
125 135
118 128 151
126 136
119 128 153
127 137
90 92 93 94 95 96 97 99 101 103
91 98 100 102 104 105 106 107 108 109
37
128 138 139 38
140 158
129 158
141 159
142 160
143 161
145 162
147 163
149 164
151 165
153 166
130 159
131 160
132 161
133 162
134 163
135 164
136 165
137 166
138 140 141 142 143 145 147 149 151 153
139 144 146 148 150 152 154 155 156 157
38
158 167
159 167
160 167
161 167
162 167
163 167
164 167
165 167
166 167
167 168 39
168 169 170 171 172 173 174 175 176 177
39
187 40
188 40
41
42
43
193 41 43
194 42 43
196
189 193
195 42
190 194
191 195
192 196
40
197 43
