#adjlist.py
# GMT Tue May 17 12:03:42 2022
# 
1 74 98 42
74 114
98 122
42
2 74 100 43
100 123
43
3 75 102 44
75 114
102 124
44
4 75 104 45
104 125
45
5 76 98 46
76 115
46
6 76 100 47
47
7 77 102 48
77 115
48
8 77 104 49
49
9 78 99 50
78 116
99 122
50
10 78 101 51
101 123
51
11 79 103 52
79 116
103 124
52
12 79 105 53
105 125
53
13 80 99 54
80 117
54
14 80 101 55
55
15 81 103 56
81 117
56
16 81 105 57
57
17 82 106 58
82 118
106 126
58
18 82 108 59
108 127
59
19 83 110 60
83 118
110 128
60
20 83 112 61
112 129
61
21 84 106 62
84 119
62
22 84 108 63
63
23 85 110 64
85 119
64
24 85 112 65
65
25 86 107 66
86 120
107 126
66
26 86 109 67
109 127
67
27 87 111 68
87 120
111 128
68
28 87 113 69
113 129
69
29 88 107 70
88 121
70
30 88 109 71
71
31 89 111 72
89 121
72
32 89 113 73
73
33 90
90 138
34 91
91 139
35 92
92 140
36 93
93 141
37 94
94 142
38 95
95 143
39 96
96 144
40 97
97 145
41 90 91 92 93 94 95 96 97
114 130 132
115 130 133
116 131 132
117 131 133
118 134 136
119 134 137
120 135 136
121 135 137
138 146
139 147
140 148
141 149
142 150
143 151
144 152
145 153
122 146
123 147
124 148
125 149
126 150
127 151
128 152
129 153
130 142
132 144
133 145
131 143
134 138
136 140
137 141
135 139
146 154 157 160 190 192 197 208 209 212 216 220 224
147 155 158 163 186 188 196 210 211 213 217 221 225
148 156 161 164 189 193 195 208 210 214 218 222 226
149 159 162 165 187 191 194 209 211 215 219 223 227
150 170 172 174 177 180 201 204 205 228 232 236 240
151 166 168 175 178 183 200 206 207 229 233 237 241
152 169 173 176 181 184 199 204 206 230 234 238 242
153 167 171 179 182 185 198 205 207 231 235 239 243
154 194
157 195
160 196
190 210
192 211
197 202
208 228 229 230 231
209 232 233 234 235
212 42
216 46
220 50
224 54
155 194
158 195
163 197
186 208
188 209
196 202
210 236 237 238 239
211 240 241 242 243
213 43
217 47
221 51
225 55
156 194
161 196
164 197
189 209
193 211
195 202
214 44
218 48
222 52
226 56
159 195
162 196
165 197
187 208
191 210
194 202
215 45
219 49
223 53
227 57
170 206
172 207
174 198
177 199
180 200
201 203
204 212 213 214 215
205 216 217 218 219
228 58
232 62
236 66
240 70
166 204
168 205
175 198
178 199
183 201
200 203
206 220 221 222 223
207 224 225 226 227
229 59
233 63
237 67
241 71
169 205
173 207
176 198
181 200
184 201
199 203
230 60
234 64
238 68
242 72
167 204
171 206
179 199
182 200
185 201
198 203
231 61
235 65
239 69
243
202 204 205 206 207
203 208 209 210 211
244 73
