#adjlist.py
# GMT Tue May 17 12:03:42 2022
# 
1 308 356
308 196
356 202 544
2 435 1602 1605 1607 1608 1812
435 527 1877
1602 1772
1605 1773
1607 1774
1608 1775
1812 1888
3 866 885
866 238
885 242
4 875 883
875 298
883 299
5 503 511
503 255
511 259
6 502 510
502 254
510 258
7 1079
1079 1140
8 1073
1073 1138
9 1074
1074 1138
10 1075
1075 1139
11 311 355 381
311 198
355 206 207 615
381 1072 1077 1082 1083
12 355 381
13 948 949
948 1013
949 1014
14 501 509
501 253
509 257
15 500 508
500 284
508 287
16 871 879
871 253
879 257
17 868 876
868 282
876 285
18 498 506
498 282
506 285
19 999
999 2120
20 996
996 2218
21 451 1357 1651 1654 1656 1826
451 551 1554
1357 1480
1651 1786
1654 1787
1656 1788
1826 1908
22 496 516
496 238
516 242
23 505 513
505 298
513 299
24 874 882
874 256
882 260
25 504 512
504 256
512 260
26 873 881
873 255
881 259
27 872 880
872 254
880 258
28 1078
1078 1140
29 1081
1081 1141
30 1076
1076 1139
31 1080
1080 1141
32 670 946
670 1015
946 1015
33 671
671 1012
34 947
947 1012
35 672 673
672 1013
673 1014
36 870 878
870 284
878 287
37 735 737
735 2471
737 2473
38 734 736
734 2470
736 2472
39 869 877
869 283
877 286
40 499 507
499 283
507 286
41 495 497
495 280
497 281
42 863 867
863 280
867 281
43 1000
1000 2221
44 995
995 2217
45 997
997 2219
46 998
998 2220
47 1001
1001 2222
48 983
983 2082
49 886
886 297
50 989
989 2115
51 884
884 296
52 1002
1002 2223
53 994
994 2119
54 514 1003
514 2211
1003 2224
55 984
984 2112
56 985
985 2113
57 986
986 2114
58 988
988 2085
59 990
990 2116
60 987
987 1921
61 1767 1928
1767 1927 1928
1928 1982
62 302
302 310
63 197
197
64 319 320
319 200 537 540
320 558 561
65 206
206
66 179 191 321
179
191
321 201 613
67 191
68 485 494
485 2206
494 2210
69 849 860
849 2206
860 2210
70 484 493
484 2205
493 2209
71 848 859
848 2205
859 2209
72 483 492
483 2204
492 2208
73 481 490
481 2291
490 2295
74 480 489
480 2290
489 2294
75 479 488
479 2289
488 2293
76 477 486
477 2203
486 2207
77 478 487
478 2288
487 2292
78 887 888
887 2482
888 2483
79 543 564
543 2482
564 2483
80 846 857
846 2158
857 2166
81 482 491
482 2158
491 2166
82 847 858
847 2204
858 2208
83 845 856
845 2291
856 2295
84 844 855
844 2290
855 2294
85 843 854
843 2289
854 2293
86 841 852
841 2203
852 2207
87 842 853
842 2288
853 2292
88 354 914
354 701 702 704 705 761
914 1032
89 612
612 1032
90 336 337 397 398 474 913
336 569 581
337 570 577
397 708 720
398 709 716
474 762 1070
913 1031
91 611
611 1031
92 338 339 399 400 472 912
338 571 582
339 572 578
399 710 721
400 711 717
472 759 838
912 1030
93 610
610 1030
94 340 341 401 402 473 911
340 573 583
341 574 579
401 712 722
402 713 718
473 760 837
911 1029
95 609
609 1029
96 342 343 403 404 470 910
342 575 584
343 576 580
403 714 723
404 715 719
470 748 832
910 1028
97 608
608 1028
98 406 407
406 625 626 627 653 654 655 656 720 721 722 723
407 684 685 686 687 697 698 699 969 970
99 192 275
192
275
100 330 331
330 622 623 624 649 650 651 652 716 717 718 719
331 680 681 682 683 694 695 696 706 707 966 968
101 328 329
328 779 780 781 792 793 794 795 815 816 817 818
329 800 802 803 807 808 809 813 814 1056 1057
102 327 408
327 804 805 806 810 811 812 1058 1059
408 782 783 784 796 797 798 799 819 820 821 822
103 344 345 370 371 471 909
344 585 597
345 586 593
370 641 653
371 642 649
471 749 831
909 1027
104 607
607 1027
105 346 347 372 373 468 908
346 587 598
347 588 594
372 643 654
373 644 650
468 746 830
908 1026
106 606
606 1026
107 348 349 374 375 469 907
348 589 599
349 590 595
374 645 655
375 646 651
469 747 829
907 1025
108 605
605 1025
109 350 351 376 377 466 906
350 591 600
351 592 596
376 647 656
377 648 652
466 744 828
906 1024
110 604
604 1024
111 467 905
467 745 827
905 1068
112 603
603 1068
113 180 358 389 464 944
180
358 616 625
389 688 697
464 757 836
944 1050
114 425 668
425 204 754
668 1050
115 359 390 465 943
359 617 622
390 689 694
465 758 835
943 1049
116 667
667 1049
117 360 361 391 392 462 942
360 618 626
361 619 623
391 690 698
392 691 695
462 755 834
942 1048
118 666
666 1048
119 362 363 393 394 463 941
362 620 627
363 621 624
393 692 699
394 693 696
463 756 833
941 1047
120 665
665 1047
121 364 365 383 384 405 940
364 628 638
365 629 634
383 674 684
384 675 680
405 728 729
940 1046
122 664
664 1046
123 378 379
378 657 659 660 661 662 663
379 658 664 665 666 667 668
124 352 353
352 601 603 604 605 606 607
353 602 608 609 610 611 612
125 189 663
189
663 945
126 366 367 385 386 460 939
366 630 639
367 631 636
385 676 686
386 677 682
460 726 826
939 1045
127 183 662
183
662 1045
128 368 369 387 388 461 938
368 632 640
369 633 637
387 678 687
388 679 683
461 727 825
938 1044
129 190 661
190
661 1044
130 395 396 458 937
395 700 706
396 703 707
458 724 824
937 1043
131 184 660
184
660 1043
132 459 936
459 725 823
936 1067
133 659
659 1067
134 308
135 434 444 596 652 774 795 904 935 1149 1157 1206
434 526 1442
444 536 1451
596 900
652 931
774 900
795 931
904 1093
935 1108
1149 1598 1601 1604 1606 1775
1157 1403 1620 1623 1627 1629 1632 1633
1206 1402 1983
136 312 313
312 199
313 275
137 431 440 593 649 771 792 901 932 1146 1154
431 523 1439
440 532 1447
593 897
649 928
771 897
792 928
901 1090
932 1122
1146 1595 1772
1154 1617 1779 1781
138 432 441 594 650 772 793 902 933 1147 1155
432 524 1440
441 533 1448
594 898
650 929
772 898
793 929
902 1091
933 1119
1147 1596 1599 1773
1155 1618 1621 1625 1778 1780
139 433 442 595 651 773 794 903 934 1148 1156
433 525 1441
442 534 1449
595 899
651 930
773 899
794 930
903 1092
934 1120
1148 1597 1600 1603 1774
1156 1619 1622 1626 1628 1631 1749
140 429 443 579 718 765 817 895 977 1144 1152 1195 1205
429 521 1437
443 535 1450
579 891
718 973
765 891
817 973
895 1088
977 1124
1144 1399 1582 1587 1590 1591 1593
1152 1401 1578 1611 1614 1615
1195 1325 1886
1205 1400 2053
141 430 439 580 719 766 818 896 978 1145 1153
430 522 1438
439 531 1446
580 892
719 974
766 892
818 974
896 1089
978 1121
1145 1746
1153 1748
142 426 436 966 968 1056 1057 1102 1103 1134 1137
426 518 1434
436 528 1443
966 1100
968 1101
1056 1100
1057 1101
1102 1258
1103 1259
1134 1742
1137 1744
143 427 437 577 716 763 815 893 975 1142 1150
427 519 1435
437 529 1444
577 889
716 971
763 889
815 971
893 1086
975 1125
1142 1580 1768 1769
1150 1576 1776 1777
144 428 438 578 717 764 816 894 976 1143 1151
428 520 1436
438 530 1445
578 890
717 972
764 890
816 972
894 1087
976 1123
1143 1581 1586 1589 1770 1771
1151 1577 1610 1613 1747
145 445 452 623 695 780 808 919 959 1161 1171
445 545 1452
452 552 1458
623 917
695 957
780 917
808 957
919 1094
959 1129
1161 1304 1355 1356 1784 1785
1171 1306 1370 1371 1752
146 446 457 624 696 781 809 920 960 1162 1172 1212 1218
446 546 1453
457 557 1463
624 918
696 958
781 918
809 958
920 1095
960 1130
1162 1409 1579 1638 1640 1641 1643
1172 1413 1583 1659 1661 1662
1212 1358 1906
1218 1410 2055
147 447 453 634 680 785 800 925 953 1163 1173
447 547 1454
453 553 1459
634 922
680 950
785 922
800 950
925 1097
953 1128
1163 1750
1173 1753
148 448 454 475 476 681 685 1084 1085
448 548 1350
454 554 1363
475 635
476 791
681 801
685 1006
1084 1645 1786
1085 1664 1792 1794
149 449 455 636 682 786 802 926 954 1164 1174
449 549 1456
455 555 1461
636 923
682 951
786 923
802 951
926 1098
954 1126
1164 1553 1646 1787
1174 1556 1557 1665 1791 1793
150 450 456 637 683 787 803 927 955 1165 1175
450 550 1457
456 556 1462
637 924
683 952
787 924
803 952
927 1099
955 1127
1165 1647 1649 1652 1788
1175 1666 1668 1671 1673 1676 1754
151 182 187 188
182
187
188
152 186 380
186
380 203 205
153 185 193 313
185
193
154 312 313
155 195 313
195
156 185 194 2238
194
2238 275
157 314 2413 2414 2444
314 2411 2412 2446
2413 2425
2414 2425
2444 2448
158 315 317
315 477 478 479 480 481 538 2157 2244 2246 2248 2250
317 482 483 484 485 541 543 2124 2159 2161 2163 2479
159 316 318
316 477 478 479 480 481 539 841 842 843 844 845
318 482 483 484 485 542 543 846 847 848 849 887
160 323 325
323 486 487 488 489 490 559 2165 2252 2254 2256 2258
325 491 492 493 494 562 564 2126 2167 2169 2171 2481
161 324 326
324 486 487 488 489 490 560 852 853 854 855 856
326 491 492 493 494 563 564 857 858 859 860 888
162 322 2419 2420 2438
322 2417 2418 2447
2419 2426
2420 2426
2438 2449
163 357 382
357 614 840 851 862 865 1074 1076 1079 1081
382 669 670 671 672 673
164 303
303 311
165 181 309
181
309 197
166 304
304 476 581 582 583 584 597 598 599 600 638 639 640
167 305
305 767 768 769 770 775 776 777 778 788 789 790
168 306
306 763 764 765 766 771 772 773 774 785 786 787
169 307
307 475 577 578 579 580 593 594 595 596 634 636 637
170 415 514 2186
415 1253 2037
2186 2211
171 416 2037 2186
416 514 1253
2037 2211
172 333 410
333 496 502 503 504 505 566 866 872 873 874 875
410 497 498 499 500 501 731 867 868 869 870 871
173 332 409
332 496 502 503 504 505 565 2128 2175 2177 2178 2475
409 497 498 499 500 501 730 2173 2262 2264 2266 2268
174 334 413
334 510 511 512 513 516 567 2131 2182 2184 2185 2477
413 495 506 507 508 509 738 2180 2260 2270 2272 2274
175 335 414
335 510 511 512 513 516 568 880 881 882 883 885
414 495 506 507 508 509 739 863 876 877 878 879
176 412 417 419 421 423
412 733 2462 2463
417 517 740 2048 2079 2080 2081 2459
419 515 742 1840 2049 2083 2084 2458
421 750 2089 2189 2190 2191 2192
423 752 2090 2193 2194 2195 2196
177 411 418 420 422 424
411 732 734 735 736 737
418 517 741 886 983 984 985 986
420 515 743 884 987 988 989 990
422 751 994 995 996 997 998
424 753 999 1000 1001 1002 1003
178 302
310 269
581 893
582 894
583 895
584 896
597 901
598 902
599 903
600 904
638 925
639 926
640 927
767 893
768 894
769 895
770 896
775 901
776 902
777 903
778 904
788 925
789 926
790 927
196
269
198
199
2411 2425
2412 2425
2446 2448
538 841 842 843 844 845 2156 2243 2245 2247 2249
2157 2203
2244 2288
2246 2289
2248 2290
2250 2291
539 2156 2157 2243 2244 2245 2246 2247 2248 2249 2250
541 846 847 848 849 887 1989 2125 2160 2162 2478
2124 2158
2159 2204
2161 2205
2163 2206
2479 2482
542 1989 2124 2125 2159 2160 2161 2162 2163 2478 2479
200
537 261 288 289 290 291
540 251 262 263 264 2484
558 265 292 293 294 295
561 252 266 267 268 2485
201
613 218 219 220 221
2417 2426
2418 2426
2447 2449
559 852 853 854 855 856 2164 2251 2253 2255 2257
2165 2207
2252 2292
2254 2293
2256 2294
2258 2295
560 2164 2165 2251 2252 2253 2254 2255 2256 2257 2258
562 857 858 859 860 888 1990 2127 2168 2170 2480
2126 2166
2167 2208
2169 2209
2171 2210
2481 2483
563 1990 2126 2127 2167 2168 2169 2170 2171 2480 2481
804 953
805 954
806 955
810 1007
811 959
812 960
1058 1102
1059 1103
779 916
807 956
813 965
814 967
622 916
694 956
706 965
707 967
565 866 872 873 874 875 1991 2129 2174 2176 2474
2128 238
2175 254
2177 255
2178 256
2475 298
566 1991 2128 2129 2174 2175 2176 2177 2178 2474 2475
567 880 881 882 883 885 1992 2130 2181 2183 2476
2131 242
2182 258
2184 259
2185 260
2477 299
568 1992 2130 2131 2181 2182 2183 2184 2185 2476 2477
569 767
570 763
571 768
572 764
573 769
574 765
575 770
576 766
585 775
586 771
587 776
588 772
589 777
590 773
591 778
592 774
601 905 906 907 908 909
602 910 911 912 913 914
701 961 969
702 962 966
704 963 970
705 964 968
761 1008 1009
207
615 839 840 850 851 861 862 864 865 915
202
544 208 209 210 211
614 839 850 861 864 1073 1075 1078 1080
840 1138
851 1139
862 1140
865 1141
616 782
625 921
617 779
618 783
626 919
619 780
620 784
627 920
621 781
628 788
629 785
630 789
631 786
632 790
633 787
641 796
653 932
642 792
643 797
654 933
644 793
645 798
655 934
646 794
647 799
656 935
648 795
657 936 937 938 939 945
658 940 941 942 943 944
203
205
1072 214
1077 215
1082 216
1083 217
669 946 947 948 949
674 804
684 953
675 800
676 805
686 954
677 802
678 806
687 955
679 803
688 810
697 1007
689 807
690 811
698 959
691 808
692 812
699 960
693 809
700 813
703 814
708 819
720 975
709 815
710 820
721 976
711 816
712 821
722 977
713 817
714 822
723 978
715 818
728 981 1106
729 982 1263
969 1102
970 1103
782 921
783 919
784 920
796 932
797 933
798 934
799 935
819 975
820 976
821 977
822 978
730 867 868 869 870 871 2172 2261 2263 2265 2267
2173 253
2262 281
2264 282
2266 283
2268 284
731 2172 2173 2261 2262 2263 2264 2265 2266 2267 2268
732 2466 2467 2468 2469
733 2188 2216
2462 2464
2463 2465
738 863 876 877 878 879 2179 2259 2269 2271 2273
2180 257
2260 280
2270 285
2272 286
2274 287
739 2179 2180 2259 2260 2269 2270 2271 2272 2273 2274
1253 2211
517 297
740 886 983 984 985 986 1264 1265 1266 1267 2239
2048 2082
2079 2112
2080 2113
2081 2114
2459 297
741 1264 1265 1266 1267 2048 2079 2080 2081 2239 2459
515 296
742 884 987 988 989 990 1066 1107 1268 1269 2212
1840 1921
2049 2085
2083 2115
2084 2116
2458 296
743 1066 1107 1268 1269 1840 2049 2083 2084 2212 2458
750 994 995 996 997 998 1282 1283 1284 1285 1397
2089 2119
2189 2217
2190 2218
2191 2219
2192 2220
751 1282 1283 1284 1285 1397 2089 2189 2190 2191 2192
752 999 1000 1001 1002 1003 1185 1286 1287 1288 1289
2090 2120
2193 2221
2194 2222
2195 2223
2196 2224
753 1185 1286 1287 1288 1289 2090 2193 2194 2195 2196
204
754 212 213
518 1308
1434 1494
519 1310
1435 1495
520 1312
1436 1496
521 1314
1437 1497
522 1316
1438 1498
523 1318
1439 1499
524 1320
1440 1500
525 1322
1441 1501
526 1324
1442 1502
527 1802
1877 1955
528 1326
1443 1504
529 1328
1444 1505
530 1330
1445 1506
531 1332
1446 1507
532 1334
1447 1508
533 1336
1448 1509
534 1338
1449 1510
535 1340
1450 1511
536 1342
1451 1512
545 1345
1452 1513
546 1347
1453 1514
547 1349
1454 1515
548 1255
1350 1455
549 1352
1456 1516
550 1354
1457 1517
551 1518
1554 1657
552 1359
1458 1525
553 1361
1459 1526
554 1256
1363 1460
555 1364
1461 1527
556 1366
1462 1528
557 1368
1463 1529
724 823
824 979
725 824
823 979
726 825
826 980
727 826
825 980
755 833
834 1005
756 834
833 1005
757 835
836 1004
758 836
835 1004
744 827
828 991
745 828
827 991
746 829
830 992
747 830
829 992
748 831
832 993
749 832
831 993
759 837
838 1010
760 838
837 1010
762 1009
1070 1132
635 791
791 1011 1066
2203 261
2288 288
2289 289
2290 290
2291 291
2158 251
2204 262
2205 263
2206 264
2207 265
2292 292
2293 293
2294 294
2295 295
2166 252
2208 266
2209 267
2210 268
280
238
281
282
283
284
253
254
255
256
298
285
286
287
257
258
259
260
299
2211 269
296
242
297
1308 1494
1310 1495
1312 1496
1314 1497
1316 1498
1318 1499
1320 1500
1322 1501
1324 1502
1802 1955
1326 1504
1328 1505
1330 1506
1332 1507
1334 1508
1336 1509
1338 1510
1340 1511
1342 1512
261
288
289
290
291
2156 2203
2243 2288
2245 2289
2247 2290
2249 2291
251
262
263
264
2484 300
1989 2158
2125 2204
2160 2205
2162 2206
2478 2482
2482 2484
208
209
210
211
1345 1513
1347 1514
1349 1515
1255 1455
1352 1516
1354 1517
1518 1657
1359 1525
1361 1526
1256 1460
1364 1527
1366 1528
1368 1529
265
292
293
294
295
2164 2207
2251 2292
2253 2293
2255 2294
2257 2295
252
266
267
268
2485
1990 2166
2127 2208
2168 2209
2170 2210
2480 2483
2483 2485
1991 238
2129 256
2174 254
2176 255
2474 298
1992 242
2130 260
2181 258
2183 259
2476 299
889 1016
890 1017
891 1018
892 1019
897 1020
898 1021
899 1022
900 1023
1068 1182 1472
1024 1149 1157 1194 1204 1206 1233
1025 1148 1156 1193 1202 1232
1026 1147 1155 1192 1201 1235
1027 1146 1154 1191 1200 1234
1028 1145 1153 1190 1199 1228
1029 1144 1152 1189 1195 1203 1205 1227
1030 1143 1151 1188 1198 1230
1031 1142 1150 1187 1197 1229
1032 1134 1137 1186 1196 1231
218
219
220
221
839 1138
850 1139
861 1140
864 1141
915 1073 1074 1075 1076 1078 1079 1080 1081
916 1035
917 1033
918 1034
921 1071 1096
922 1036
923 1037
924 1038
928 1039
929 1040
930 1041
931 1042
945 1084 1085 1114 1115 1116
1067 1181 1466
1043 1166 1167 1176 1177 1221
1044 1165 1175 1211 1216 1219
1045 1164 1174 1210 1215 1220
1046 1163 1173 1209 1214 1222
1047 1162 1172 1208 1212 1217 1218 1224
1048 1161 1171 1207 1213 1223
1049 1159 1160 1169 1170 1226
1050 1158 1168 1178 1225 1743 1745
1015 1083
1012 1072
1013 1077
1014 1082
950 1051
801 1006
951 1052
952 1053
1006 1109 1394
956 1069
957 1054
958 1055
1007 1131 1296
961 1058
962 1056
963 1059
964 1057
965 1060
967 1061
971 1062
972 1063
973 1064
974 1065
981 1261
1106 1384
982 1262
1263 1385
2172 253
2261 281
2263 282
2265 283
2267 284
2466 2470
2467 2471
2468 2472
2469 2473
2188 2465
2216 2464
2470 2479 2481
2471 2478 2480
2472 2475 2477
2473 2474 2476
2179 257
2259 280
2269 285
2271 286
2273 287
1264 2082
1265 2112
1266 2113
1267 2114
2239 297
1066 2116
1107 1921
1268 2085
1269 2115
2212 296
1282 2119
1283 2217
1284 2218
1285 2219
1397 2220
1185 2223
1286 2120
1287 2221
1288 2222
1289 2224
212
213
1008 1070
1009 1132
1011 1300
979 1104 1106 1262
980 1105 1106 1261
991 1110 1280 1396
992 1111 1280 1395
993 1112 1113
1005 1118 1236
1004 1117 1237
1010 1133 1432
1138 218
1139 219
1140 220
1141 221
1016 1086
1017 1087
1018 1088
1019 1089
1086 1248 1285
1087 1247 1284
1088 1246 1283
1089 1245 1282
1020 1090
1021 1091
1022 1092
1023 1093
1090 1252 1267
1091 1251 1266
1092 1250 1265
1093 1249 1264
1035 1135 1185
1033 1094
1034 1095
1094 1241 1288
1095 1240 1287
1071 1299
1096 1253 1289
1036 1097
1037 1098
1038 1099
1097 1244 1286
1098 1243 1269
1099 1242 1268
1039 1122
1040 1119
1041 1120
1042 1108
1122 1273 1389
1119 1270 1388
1120 1271 1387
1108 1183
1114 1254 1255
1115 1256 1257
1116 1260 1467
1051 1128
1052 1126
1053 1127
1128 1276 1277
1126 1274 1393
1127 1275 1392
1069 1238 1239
1054 1129
1055 1130
1129 1294 1430
1130 1295 1429
1060 1136 1184
1100 1179
1061 1107
1101 1180
1062 1125
1063 1123
1064 1124
1065 1121
1125 1293 1740
1123 1291 1428
1124 1292 1427
1121 1272 1390
1104 1261 1263
1262 1385
1105 1262 1263
1261 1384
2082 2124 2126 2128 2131 236
2112 2159 2167 2178 2185 246
2113 2161 2169 2177 2184 245
2114 2163 2171 2175 2182 244
1921 1989 1990 1991 234 1992
2085 2125 2127 2129 2130 235
2115 2160 2168 2176 2183 241
2116 2162 2170 2174 2181 240
1110 1281 1395
1280 1478
1396 1479
1111 1281 1396
1395 1478
1112 1278 1280
1113 1279 1281
2119 2157 2165 2173 2180 243
2217 2244 2252 2268 2274 279
2218 2246 2254 2266 2272 278
2219 2248 2256 2264 2270 277
2220 2250 2258 2260 2262 276
2120 2156 2164 2172 2179 239
2221 2243 2251 2267 2273 274
2222 2245 2253 2265 2271 273
2223 2247 2255 2263 2269 272
2224 2249 2257 2259 2261 271
1117 1236
1237 1290
1118 1237
1236 1290
1109 1277
1394 1477
1131 1239
1296 1431
1132 1297 1298
1133 1298
1432 1493
1300 222
1194 1323 1324
1204 1342 1343
1233 1424 1485
1193 1321 1322
1202 1338 1339
1232 1423 1486
1192 1319 1320
1201 1336 1337
1235 1426 1487
1191 1317 1318
1200 1334 1335
1234 1425 1488
1190 1315 1316
1199 1332 1333
1228 1379 1468
1189 1313 1314
1203 1340 1341
1227 1378 1469
1188 1311 1312
1198 1330 1331
1230 1381 1470
1187 1309 1310
1197 1328 1329
1229 1380 1471
1186 1307 1308
1196 1326 1327
1231 1382 1383
1135 1299
1166 1357 1404 1644 1651 1654 1656
1167 1480 1648 1650 1653 1655
1176 1417 1667 1669 1672 1674 1677 1678
1177 1416 1418 1663 1670 1675 1680
1221 1374 1375
1211 1353 1354
1216 1366 1367
1219 1372 1465
1210 1351 1352
1215 1364 1365
1220 1373 1464
1209 1348 1349
1214 1361 1362
1222 1376 1377
1208 1346 1347
1217 1368 1369
1224 1420 1481
1207 1344 1345
1213 1359 1360
1223 1419 1482
1159 1304 1355 1356 1407 1408 1579 1637 1638 1639 1640
1160 1303 1782 1783
1169 1306 1370 1371 1412 1415 1583 1658 1659 1660 1661
1170 1305 1789 1790
1226 1422 1483
1158 1303 1304 1405 1406 1579 1637
1168 1305 1306 1411 1414 1583 1658
1178 1398 1538
1225 1421 1484
1743 231
1745 233
1136 222
1184 1391 1764 1844
1181 1374
1466 1533
1182 1382
1472 1537
1238 1296
1239 1431
1299 222
214
215
216
217
1645 1750
1786 1909 1910
1664 1753
1792 1947 2202
1794 1951 2242
1248 1301
1247 1301
1246 1301
1245 1301
1252 1302
1251 1302
1250 1302
1249 1302
1241 1299
1240 1299
1244 1300
1243 1300
1242 1300
1179 1258
1180 1259
1258 1433 1490
1259 1397
1384 1489
1183 1386 1762 1842
1277 1477
1281 1479
1278 1395
1279 1396
1254 1350
1257 1363
1260 1377
1467 1534
1270 1387
1388 1474
1271 1388
1387 1474
1272 1389
1390 1475
1273 1390
1389 1475
1291 1427
1428 1491
1292 1428
1427 1491
1293 1572
1740 1799
1274 1392
1393 1476
1275 1393
1392 1476
1276 1394
1294 1429
1430 1492
1295 1430
1429 1492
1297 1432
1298 1493
1742 230
222
1744 232
1580 1744
1768 1878 1879
1769 1880 1881
1581 1744
1586 1768
1589 1769
1770 1882 1883
1771 1884 1885
1399 1503 1887
1582 1744
1587 1768
1590 1769
1591 1770
1593 1771
1746 1874 1888
1595 1746
1772 1889 1890
1596 1746
1599 1772
1773 1891 1892
1597 1746
1600 1772
1603 1773
1774 1893 1894
1598 1746
1601 1772
1604 1773
1606 1774
1775 1895 1896
1576 1742
1776 1930 2198
1777 1932 2199
1577 1742
1610 1776
1613 1777
1747 1929 1931
1401 1539 2054
1578 1742
1611 1776
1614 1777
1615 1747
1748 1872 1897 2412
1617 1748
1779 1936 2240
1781 1940 2241
1618 1748
1621 1779
1625 1781
1778 1933 1934
1780 1937 1938
1619 1748
1622 1779
1626 1781
1628 1778
1631 1780
1749 1935 1939
1403 1540 1984
1620 1748
1623 1779
1627 1781
1629 1778
1632 1780
1633 1749
1303 1743
1304 1743
1405 1520 1966
1406 1521 1967
1579 1743
1637 225 1873
1355 1782
1356 1783
1407 1522 1968
1408 1523 1969
1638 1782
1639 1782
1640 1783
1782 1898 1899
1783 1900 1901
1784 1902 1903
1785 1904 1905
1409 1524 1907
1641 1784
1643 1785
1750 1873 1908
1553 1786
1646 1750
1787 1911 1912
1647 1750
1649 1786
1652 1787
1788 1913 1914
1404 1518 1519
1644 225 1826
1480 1555 1915
1648 1750
1650 1786
1653 1787
1655 1788
1305 1745
1306 1745
1411 1541 2362
1414 1543 2363
1583 1745
1658 226 1875
1370 1789
1371 1790
1412 1530 2394
1415 1531 2395
1659 1789
1660 1789
1661 1790
1789 1942 2200
1790 1944 2201
1752 1941 1943
1413 1542 2056
1662 1752
1753 1875 1916 2418
1556 1792
1557 1794
1665 1753
1791 1946 2057
1793 1948 1949
1666 1753
1668 1792
1671 1794
1673 1791
1676 1793
1754 1945 1950
1417 1545 1985
1667 1753
1669 1792
1672 1794
1674 1791
1677 1793
1678 1754
1416 1544 2300
1418 1546 2314
1663 226 1831
1670 1792
1675 1791
1680 1945
1398 1538 1567
1538 1567
1374 1533
1382 1537
1386 1763 1841
1762 1922
1842 1923
1391 1765 1843
1764 1924
1844 1925
1307 1434
1309 1435
1311 1436
1313 1437
1315 1438
1317 1439
1319 1440
1321 1441
1323 1442
1325 1808
1886 1960
1327 1443
1329 1444
1331 1445
1333 1446
1335 1447
1337 1448
1339 1449
1341 1450
1343 1451
1400 2017
2053 2091
1402 1934
1983 2020
1344 1452
1346 1453
1348 1454
1351 1456
1353 1457
1358 1822
1906 1970
1360 1458
1362 1459
1365 1461
1367 1462
1369 1463
1410 2025
2055 2097
1372 1464
1465 1532
1373 1465
1464 1532
1375 1466
1376 1467
1377 1534
1419 1481
1482 1548
1420 1482
1481 1548
1421 1483
1484 1547
1422 1484
1483 1547
1378 1468
1469 1535
1379 1469
1468 1535
1380 1470
1471 1536
1381 1471
1470 1536
1383 1472
1423 1485
1486 1550
1424 1486
1485 1550
1425 1487
1488 1549
1426 1488
1487 1549
1290 1473 1689
1431 1551 1741
1301 223
1302 223
1455 1553 1568 1644 1646 1647 1648 1649 1650 1651
1460 1556 1557 1569 1570 1663 1665 1666 1667 1668 1669 1670 1671 1672
1433 223
1490 1571 1572
1385 1489
1477 1564 1565
1478 1552
1479 1552
1473 1559
1689 1757
1572 1799
1493 1566 1766
223
1494 1580 1581 1582 1585 1693 1694
1495 1581 1582 1585 1586 1587 1588 1589 1590 1695 1696
1496 1582 1585 1587 1588 1590 1591 1592 1593 1697 1698
1497 1584 1585 1588 1592 2068
1498 1594 1595 1596 1597 1598 1699
1499 1594 1596 1597 1598 1599 1600 1601 1602 1700
1500 1594 1597 1598 1600 1601 1602 1603 1604 1605 1701
1501 1594 1598 1601 1602 1604 1605 1606 1607 1702
1502 1594 1602 1605 1607 1608 1692
1808 1960
1504 1576 1577 1578 1609 1705 1709
1505 1577 1578 1609 1610 1611 1612 1613 1614 1706 1710
1506 1578 1609 1611 1612 1614 1615 1634 1704 1708
1507 1616 1617 1618 1619 1620 1713 1719
1508 1616 1618 1619 1620 1621 1622 1623 1624 1625 1626 1627 1715 1716
1509 1616 1619 1620 1622 1623 1624 1626 1627 1628 1629 1630 1631 1632 1714 1720
1510 1616 1620 1623 1624 1627 1629 1630 1632 1633 1635 1712 1718
1511 1609 1612 1634 1703 1707
1512 1616 1624 1630 1635 1711 1717
1513 1579 1637 1638 1639 1640 1641 1642 1643 1721 1722
1514 1636 1637 1639 1642 2073
1515 1644 1645 1646 1647 1648 1723
1516 1644 1647 1648 1649 1650 1651 1652 1653 1654 1724
1517 1644 1648 1650 1651 1653 1654 1655 1656 1725
1822 1970
1525 1583 1658 1659 1660 1661 1662 1679 1727 1729
1526 1663 1664 1665 1666 1667 1731 1734
1527 1663 1666 1667 1668 1669 1670 1671 1672 1673 1674 1675 1676 1677 1732 1735
1528 1663 1667 1669 1670 1672 1674 1675 1677 1678 1680 1730 1733
1529 1658 1660 1679 1726 1728
1533 1682 1836 1917
1534 1685 1686
1537 1687 1688
1489 1558 1559
1763 1923
1841 1922
1474 1560 1762 1841
1475 1562 1563
1765 1925
1843 1924
1476 1561 1764 1843
1567 1767 1927
1503 1810
1887 1961
2017 2091
1539 2019
2054 2092
1934 2020
1540 1938
1984 2022
1519 1554
1520 1899
1966 2005
1521 1901
1967 2006
1522 1903
1968 2007
1523 1905
1969 2008
1524 1824
1907 1971
2025 2097
1541 2354
2362 2371
1530 2384
2394 2399
1542 2027
2056 2098
1543 2356
2363 2372
1531 2386
2395 2400
1544 2286
2300 2309
1545 1949
1985 2030
1546 2311
2314 2327
1491 1573 1986
1492 1574 1575
1551 1575
1741 1800
1568 1751 1973
1569 1755 2424
1570 1756 2437
1532 1681 1836 1918
1535 1683 1838 1920
1536 1684 1838 1919
1559 1757
1560 1763 1842
1562 1758 1762
1563 1759 1763
1561 1765 1844
1564 1760 1764
1565 1761 1765
1552 1690 1691
1555 1829
1915 1975
1548 1737 1795
1547 1736 1796
1550 1739 1797
1549 1738 1798
1558 1689
1571 1740
1573 1953
1986 2034
1574 1741
1575 1800
1566 1691
1766 1845
1585 227 1874
1693 1804 1956
1694 1805 1957
1588 1768
1695 1806 1958
1696 1807 1959
1592 1770
1697 1808 1809
1698 1810 1811
1584 2003
2068 2105
1594 227 1812
1699 1813 1962
1700 1814 1963
1701 1815 1964
1702 1816 1965
1692 1802 1803
1810 1961
1609 224 1872
1705 1848 2360
1709 1851 2361
1612 1776
1706 1818 2392
1710 1819 2393
1634 1929
1704 1847 2328
1708 1850 2329
1616 224 1817
1713 1854 2376
1719 1859 2377
1624 1779
1715 1820 2434
1716 1821 2435
1630 1778
1714 1855 2408
1720 1856 2409
1635 1935
1712 1853 2344
1718 1858 2345
1703 1846 2296
1707 1849 2297
1711 1852 2312
1717 1857 2313
1642 1784
1721 1822 1823
1722 1824 1825
1636 2014
2073 2109
1723 1827 1972
1724 1828 1974
1725 1829 1830
1657 1801 1840
1899 2005
1901 2006
1903 2007
1905 2008
1824 1971
1679 1941
1727 1861 2330
1729 1863 2331
1731 1865 2364
1734 1869 2378
1732 1866 2396
1735 1867 2410
1730 1864 2332
1733 1868 2346
1726 1860 2298
1728 1862 2299
2384 2399
2386 2400
1681 1837 1917
1836 1976
1918 1977
1682 1837 1918
1917 1976
1685 1832 1836
1686 1833 1837
1683 1839 1919
1838 1978
1920 1979
1684 1839 1920
1919 1978
1687 1834 1838
1688 1835 1839
2019 2092
1938 2022
2354 2371
2027 2098
2356 2372
2286 2309
1949 2030
2311 2327
1736 1795
1796 1870
1737 1796
1795 1870
1738 1797
1798 1871
1739 1798
1797 1871
1690 1766
1691 1845
1829 1975
1757 228 1876
1758 1841
1759 1842
1760 1843
1761 1844
1927 1982
1751 1912
1973 2012
1755 2416
2424 2431
1756 2433
2437 2442
1799 1952 1953
1953 2034
1800 1926 2088
2003 2105
227
1874 232
224
1872 230
1817 2004
1929 2016 2017
1935 2021 2121
2014 2109
225
1873 231
1801 250
226
1875 233
1831 2015
1941 2024 2025
1945 2028 2029
1837 1977
1839 1979
1832 1917
1833 1918
1834 1919
1835 1920
1845 229 1954
1803 1877
1804 1879
1956 1993
1805 1881
1957 1994
1806 1883
1958 1995
1807 1885
1959 1996
1809 1886
1811 1887
1813 1890
1962 1999
1814 1892
1963 2000
1815 1894
1964 2001
1816 1896
1965 2002
1846 2276
2296 2301
1847 2316
2328 2333
1848 2348
2360 2365
1818 2380
2392 2397
1849 2278
2297 2302
1850 2318
2329 2334
1851 2350
2361 2366
1819 2382
2393 2398
1852 2304
2312 2319
1853 2336
2344 2351
1854 2368
2376 2387
1855 2402
2408 2421
1820 2428
2434 2440
1821 2430
2435 2441
1857 2306
2313 2320
1858 2338
2345 2352
1859 2370
2377 2388
1856 2404
2409 2422
1823 1906
1825 1907
1827 1910
1972 2011
1828 1914
1974 2013
1830 1915
1860 2282
2298 2307
1861 2322
2330 2339
1862 2284
2299 2308
1863 2324
2331 2340
1864 2326
2332 2341
1865 2358
2364 2373
1866 2390
2396 2405
1868 2343
2346 2359
1869 2375
2378 2391
1867 2407
2410 2423
230
231
232
233
1888 1998 2003 2040 2041 2042
1931 2018 2019
1897 2004 2411
1939 2023 2122
1908 2010 2014 2045 2046 2047
1912 2012
1943 2026 2027
1916 2015 2417
1950 2031 2123
2416 2431
2433 2442
228
1876 2238
1922 1987
1923 1987
1924 1988
1925 1988
1878 1956
1879 1993
1880 1957
1881 1994
1882 1958
1883 1995
1884 1959
1885 1996
1889 1962
1890 1999
1891 1963
1892 2000
1893 1964
1894 2001
1895 1965
1896 2002
1930 2136
2198 2225
1932 2138
2199 2226
1933 1983
1936 2228
2240 2279
1937 1984
1940 2230
2241 2280
1898 1966
1900 1967
1902 1968
1904 1969
1909 1972
1910 2011
1911 1973
1913 1974
1914 2013
1942 2142
2200 2231
1944 2144
2201 2232
1946 2029
2057 2099
1947 2146
2202 2233
1948 1985
1951 2235
2242 2287
1870 1980 2110
1871 1981 2111
1952 1986
1926 2052
2088 2118
250
1955 2035 2048
1960 1997
1961 2067
2004 2069 2413
2380 2397
2382 2398
2428 2440
2430 2441
1970 2009
1971 2072
1975 2036 2049
2015 2074 2419
1976 2032
1977 2032
1978 2033
1979 2033
229
1954 2238
2276 2301
2316 2333
2348 2365
2278 2302
2318 2334
2350 2366
2304 2319
2336 2351
2368 2387
2402 2421
2404 2422
2306 2320
2338 2352
2370 2388
2282 2307
2322 2339
2284 2308
2324 2340
2326 2341
2358 2373
2390 2405
2407 2423
2343 2359
2375 2391
1980 2076
2110 2132
1981 2078
2111 2133
1993 2040
1994 2038
1995 2041
1996 2039
1998 2065 2066 2067 2068
2040 2102
2041 2103
2042 2104
1999 2061 2089
2000 2060 2081
2001 2059 2080
2002 2058 2079
2005 2045
2006 2043
2007 2046
2008 2044
2010 2070 2071 2072 2073
2045 2106
2046 2107
2047 2108
2011 2064 2090
2012 2063 2084
2013 2062 2083
234
1987 2050 2117
1988 2051 2052
2052 2118
1982 2037 2197 2236
2016 2053
2136 2225
2018 2054
2138 2226
2020 2093 2094
2021 2094
2121 2139
2228 2279
2022 2095 2096
2023 2096
2122 2140
2230 2280
2024 2055
2142 2231
2026 2056
2144 2232
2028 2057
2029 2099
2146 2233
2030 2100 2101
2031 2101
2123 2147
2235 2287
2034 2086 2087
2035 249
1997 2042
2067 2104
2009 2047
2072 2108
2036 250
2032 2075 2076
2033 2077 2078
2076 2132
2078 2133
2197 2236 2237
2236 270
2050 2086
2117 2134
2051 2088
2038 2065
2039 2066
2065 2102
2066 2103
2061 249
2060 249
2059 249
2058 249
2105 2148 2189
2069 2414
2043 2070
2044 2071
2070 2106
2071 2107
2064 250
2063 250
2062 250
2109 2152 2193
2074 2420
2091 2135 2136
2092 2137 2138
2093 2121
2094 2139
2095 2122
2096 2140
2097 2141 2142
2098 2143 2144
2099 2145 2146
2100 2123
2101 2147
2075 2110
2077 2111
2086 2134
2087 2117
249
2102 2151 2192
2103 2150 2191
2104 2149 2190
2106 2155 237 2186 2196 2197 2237
2107 2154 2195
2108 2153 2194
2118 2187 2188
2132 247 2213
2133 248 2214
236
235
2134 2215 2216
2135 2198
2137 2199
2139 2227 2228
2140 2229 2230
2141 2200
2143 2201
2145 2202
2147 2234 2235
2151 249
2150 249
2149 249
2148 249
2155 250
237
2237 270
2154 250
2153 250
2152 250
246
245
244
241
240
2187 2212
243
239
247
2213 2238
248
2214 2238
2215 2239
2225 2275 2276
2226 2277 2278
2227 2240
2229 2241
2231 2281 2282
2232 2283 2284
2233 2285 2286
2234 2242
2465 2467 2469
2464 2466 2468
279
278
277
276
274
273
272
271
2275 2296
2277 2297
2279 2303 2304
2280 2305 2306
2281 2298
2283 2299
2285 2300
2287 2310 2311
270
2301 2315 2316
2302 2317 2318
2303 2312
2305 2313
2307 2321 2322
2308 2323 2324
2309 2325 2326
2310 2314
2315 2328
2317 2329
2319 2335 2336
2320 2337 2338
2321 2330
2323 2331
2325 2332
2327 2342 2343
2333 2347 2348
2334 2349 2350
2335 2344
2337 2345
2339 2353 2354
2340 2355 2356
2341 2357 2358
2342 2346
2347 2360
2349 2361
2351 2367 2368
2352 2369 2370
2353 2362
2355 2363
2357 2364
2359 2374 2375
2365 2379 2380
2366 2381 2382
2367 2376
2369 2377
2371 2383 2384
2372 2385 2386
2373 2389 2390
2374 2378
2379 2392
2381 2393
2387 2401 2402
2388 2403 2404
2383 2394
2385 2395
2389 2396
2391 2406 2407
2397 2412 2414
2398 2411 2413
2399 2418 2420
2400 2417 2419
2401 2408
2403 2409
2405 2415 2416
2406 2410
2421 2427 2428
2422 2429 2430
2415 2424
2423 2432 2433
2425 2436 2454
2431 2438
2426 2439 2455
2427 2434
2429 2435
2432 2437
2436 2450
2454 2456
2439 2452
2455 2457
2440 2444
2441 2443
2442 2445
2450 2456
2449 2452 2453
2452 2457
2443 2446
2445 2447
2448 2450 2451
2451 2454
2453 2455
2456 2459 2460
2457 2458 2461
2460 2462
2461 2463
300
2486 301
301
