#adjlist.py
# GMT Tue May 17 12:03:42 2022
# 
1 33 65 66 67 68 69 70 71 72 73 74 75 76 77 78 79
33
65 380 396
66 515 533
67 653 672
68 793 813
69 935 955
70 1078 1098
71 1222 1244
72 1369 1392
73 1518 1542
74 1669 1693
75 1821 1845
76 1974 2000
77 2130 2157
78 2277 2297
79 2365 2375
2 80 81 82 83 84 85 86 87 88 89 90 91 92 93 94 95
80 320 335
81 381 399
82 516 536
83 654 675
84 794 816
85 936 958
86 1079 1101
87 1223 1247
88 1370 1395
89 1519 1545
90 1670 1696
91 1822 1848
92 1975 2003
93 2131 2160
94 2278 2300
95 2356 2367
3 96 97 98 99 100 101 102 103 104 105 106 107 108 109 110 111
96 321 337
97 382 402
98 517 539
99 655 678
100 795 819
101 937 961
102 1080 1104
103 1224 1250
104 1371 1398
105 1520 1548
106 1671 1699
107 1823 1851
108 1976 2006
109 2132 2163
110 2259 2280
111 2346 2358
4 112 113 114 115 116 117 118 119 120 121 122 123 124 125 126 127
112 322 339
113 383 405
114 518 542
115 656 681
116 796 822
117 938 964
118 1081 1107
119 1225 1253
120 1372 1401
121 1521 1551
122 1672 1702
123 1824 1854
124 1977 2009
125 2108 2134
126 2239 2261
127 2334 2348
5 128 129 130 131 132 133 134 135 136 137 138 139 140 141 142 143
128 323 341
129 384 408
130 519 545
131 657 684
132 797 825
133 939 967
134 1082 1110
135 1226 1256
136 1373 1404
137 1522 1554
138 1673 1705
139 1825 1857
140 1955 1979
141 2086 2110
142 2216 2241
143 2321 2336
6 144 145 146 147 148 149 150 151 152 153 154 155 156 157 158 159
144 324 343
145 385 411
146 520 548
147 658 687
148 798 828
149 940 970
150 1083 1113
151 1227 1259
152 1374 1407
153 1523 1557
154 1674 1708
155 1803 1827
156 1933 1957
157 2061 2088
158 2193 2218
159 2307 2323
7 160 161 162 163 164 165 166 167 168 169 170 171 172 173 174 175
160 325 345
161 386 414
162 521 551
163 659 690
164 799 831
165 941 973
166 1084 1116
167 1228 1262
168 1375 1410
169 1524 1560
170 1652 1676
171 1781 1805
172 1907 1935
173 2038 2063
174 2170 2195
175 2287 2309
8 176 177 178 179 180 181 182 183 184 185 186 187 188 189 190 191
176 326 347
177 387 417
178 522 554
179 660 693
180 800 834
181 942 976
182 1085 1119
183 1229 1265
184 1376 1413
185 1503 1526
186 1631 1654
187 1755 1783
188 1885 1909
189 2016 2040
190 2141 2172
191 2268 2289
9 192 193 194 195 196 197 198 199 200 201 202 203 204 205 206 207
192 327 349
193 388 420
194 523 557
195 661 696
196 801 837
197 943 979
198 1086 1122
199 1230 1268
200 1356 1378
201 1483 1505
202 1605 1633
203 1734 1757
204 1864 1887
205 1986 2018
206 2117 2143
207 2248 2270
10 208 209 210 211 212 213 214 215 216 217 218 219 220 221 222 223
208 328 351
209 389 423
210 524 560
211 662 699
212 802 840
213 944 982
214 1087 1125
215 1212 1232
216 1338 1358
217 1458 1485
218 1586 1607
219 1715 1736
220 1834 1866
221 1964 1988
222 2095 2119
223 2225 2250
11 224 225 226 227 228 229 230 231 232 233 234 235 236 237 238 239
224 329 353
225 390 426
226 525 563
227 663 702
228 803 843
229 945 985
230 1069 1089
231 1194 1214
232 1312 1340
233 1439 1460
234 1567 1588
235 1683 1717
236 1812 1836
237 1942 1966
238 2070 2097
239 2202 2227
12 240 241 242 243 244 245 246 247 248 249 250 251 252 253 254 255
240 330 355
241 391 429
242 526 566
243 664 705
244 804 846
245 927 947
246 1051 1071
247 1167 1196
248 1293 1314
249 1420 1441
250 1533 1569
251 1661 1685
252 1790 1814
253 1916 1944
254 2047 2072
255 2179 2204
13 256 257 258 259 260 261 262 263 264 265 266 267 268 269 270 271
256 331 357
257 392 432
258 527 569
259 665 708
260 787 806
261 910 929
262 1024 1053
263 1149 1169
264 1275 1295
265 1385 1422
266 1512 1535
267 1640 1663
268 1764 1792
269 1894 1918
270 2025 2049
271 2150 2181
14 272 273 274 275 276 277 278 279 280 281 282 283 284 285 286 287
272 332 359
273 393 435
274 528 572
275 649 667
276 771 789
277 883 912
278 1007 1026
279 1132 1151
280 1239 1277
281 1365 1387
282 1492 1514
283 1614 1642
284 1743 1766
285 1873 1896
286 1995 2027
287 2126 2152
15 288 289 290 291 292 293 294 295 296 297 298 299 300 301 302 303
288 333 361
289 394 438
290 514 530
291 635 651
292 745 773
293 868 885
294 992 1009
295 1096 1134
296 1221 1241
297 1347 1367
298 1467 1494
299 1595 1616
300 1724 1745
301 1843 1875
302 1973 1997
303 2104 2128
16 304 305 306 307 308 309 310 311 312 313 314 315 316 317 318 319
304 334 363
305 454 469
306 575 590
307 670 712
308 792 810
309 915 933
310 1029 1057
311 1154 1173
312 1280 1299
313 1390 1426
314 1517 1539
315 1645 1667
316 1769 1796
317 1899 1922
318 2030 2053
319 2155 2185
17 33 80 96 112 128 144 160 176 192 208 224 240 256 272 288 304
18 65 81 97 113 129 145 161 177 193 209 225 241 257 273 289 305
19 66 82 98 114 130 146 162 178 194 210 226 242 258 274 290 306
20 67 83 99 115 131 147 163 179 195 211 227 243 259 275 291 307
21 68 84 100 116 132 148 164 180 196 212 228 244 260 276 292 308
22 69 85 101 117 133 149 165 181 197 213 229 245 261 277 293 309
23 70 86 102 118 134 150 166 182 198 214 230 246 262 278 294 310
24 71 87 103 119 135 151 167 183 199 215 231 247 263 279 295 311
25 72 88 104 120 136 152 168 184 200 216 232 248 264 280 296 312
26 73 89 105 121 137 153 169 185 201 217 233 249 265 281 297 313
27 74 90 106 122 138 154 170 186 202 218 234 250 266 282 298 314
28 75 91 107 123 139 155 171 187 203 219 235 251 267 283 299 315
29 76 92 108 124 140 156 172 188 204 220 236 252 268 284 300 316
30 77 93 109 125 141 157 173 189 205 221 237 253 269 285 301 317
31 78 94 110 126 142 158 174 190 206 222 238 254 270 286 302 318
32 79 95 111 127 143 159 175 191 207 223 239 255 271 287 303 319
380 395 396 397
396 34
515 532 533 534
533 35
653 671 672 673
672 36
793 812 813 814
813 37
935 954 955 956
955 38
1078 1097 1098 1099
1098 39
1222 1243 1244 1245
1244 40
1369 1391 1392 1393
1392 41
1518 1541 1542 1543
1542 42
1669 1692 1693 1694
1693 43
1821 1844 1845 1846
1845 44
1974 1999 2000 2001
2000 45
2130 2156 2157 2158
2157 46
2277 2296 2297 2298
2297 47
2365 2374 2375 2376
2375 48
320 335 336 397
335 365
381 398 399 400
399 440
516 535 536 537
536 576
654 674 675 676
675 714
794 815 816 817
816 853
936 957 958 959
958 993
1079 1100 1101 1102
1101 1136
1223 1246 1247 1248
1247 1281
1370 1394 1395 1396
1395 1428
1519 1544 1545 1546
1545 1576
1670 1695 1696 1697
1696 1725
1822 1847 1848 1849
1848 1877
1975 2002 2003 2004
2003 2031
2131 2159 2160 2161
2160 2187
2278 2299 2300 2301
2300 2316
2356 2366 2367 2368
2367 2377
321 337 338 400
337 366
382 401 402 403
402 441
517 538 539 540
539 577
655 677 678 679
678 715
795 818 819 820
819 854
937 960 961 962
961 994
1080 1103 1104 1105
1104 1137
1224 1249 1250 1251
1250 1282
1371 1397 1398 1399
1398 1429
1520 1547 1548 1549
1548 1577
1671 1698 1699 1700
1699 1726
1823 1850 1851 1852
1851 1878
1976 2005 2006 2007
2006 2032
2132 2162 2163 2164
2163 2188
2259 2279 2280 2281
2280 2302
2346 2357 2358 2359
2358 2369
322 339 340 403
339 367
383 404 405 406
405 442
518 541 542 543
542 578
656 680 681 682
681 716
796 821 822 823
822 855
938 963 964 965
964 995
1081 1106 1107 1108
1107 1138
1225 1252 1253 1254
1253 1283
1372 1400 1401 1402
1401 1430
1521 1550 1551 1552
1551 1578
1672 1701 1702 1703
1702 1727
1824 1853 1854 1855
1854 1879
1977 2008 2009 2010
2009 2033
2108 2133 2134 2135
2134 2165
2239 2260 2261 2262
2261 2282
2334 2347 2348 2349
2348 2360
323 341 342 406
341 368
384 407 408 409
408 443
519 544 545 546
545 579
657 683 684 685
684 717
797 824 825 826
825 856
939 966 967 968
967 996
1082 1109 1110 1111
1110 1139
1226 1255 1256 1257
1256 1284
1373 1403 1404 1405
1404 1431
1522 1553 1554 1555
1554 1579
1673 1704 1705 1706
1705 1728
1825 1856 1857 1858
1857 1880
1955 1978 1979 1980
1979 2011
2086 2109 2110 2111
2110 2136
2216 2240 2241 2242
2241 2263
2321 2335 2336 2337
2336 2350
324 343 344 409
343 369
385 410 411 412
411 444
520 547 548 549
548 580
658 686 687 688
687 718
798 827 828 829
828 857
940 969 970 971
970 997
1083 1112 1113 1114
1113 1140
1227 1258 1259 1260
1259 1285
1374 1406 1407 1408
1407 1432
1523 1556 1557 1558
1557 1580
1674 1707 1708 1709
1708 1729
1803 1826 1827 1828
1827 1859
1933 1956 1957 1958
1957 1981
2061 2087 2088 2089
2088 2112
2193 2217 2218 2219
2218 2243
2307 2322 2323 2324
2323 2338
325 345 346 412
345 370
386 413 414 415
414 445
521 550 551 552
551 581
659 689 690 691
690 719
799 830 831 832
831 858
941 972 973 974
973 998
1084 1115 1116 1117
1116 1141
1228 1261 1262 1263
1262 1286
1375 1409 1410 1411
1410 1433
1524 1559 1560 1561
1560 1581
1652 1675 1676 1677
1676 1710
1781 1804 1805 1806
1805 1829
1907 1934 1935 1936
1935 1959
2038 2062 2063 2064
2063 2090
2170 2194 2195 2196
2195 2220
2287 2308 2309 2310
2309 2325
326 347 348 415
347 371
387 416 417 418
417 446
522 553 554 555
554 582
660 692 693 694
693 720
800 833 834 835
834 859
942 975 976 977
976 999
1085 1118 1119 1120
1119 1142
1229 1264 1265 1266
1265 1287
1376 1412 1413 1414
1413 1434
1503 1525 1526 1527
1526 1562
1631 1653 1654 1655
1654 1678
1755 1782 1783 1784
1783 1807
1885 1908 1909 1910
1909 1937
2016 2039 2040 2041
2040 2065
2141 2171 2172 2173
2172 2197
2268 2288 2289 2290
2289 2311
327 349 350 418
349 372
388 419 420 421
420 447
523 556 557 558
557 583
661 695 696 697
696 721
801 836 837 838
837 860
943 978 979 980
979 1000
1086 1121 1122 1123
1122 1143
1230 1267 1268 1269
1268 1288
1356 1377 1378 1379
1378 1415
1483 1504 1505 1506
1505 1528
1605 1632 1633 1634
1633 1656
1734 1756 1757 1758
1757 1785
1864 1886 1887 1888
1887 1911
1986 2017 2018 2019
2018 2042
2117 2142 2143 2144
2143 2174
2248 2269 2270 2271
2270 2291
328 351 352 421
351 373
389 422 423 424
423 448
524 559 560 561
560 584
662 698 699 700
699 722
802 839 840 841
840 861
944 981 982 983
982 1001
1087 1124 1125 1126
1125 1144
1212 1231 1232 1233
1232 1270
1338 1357 1358 1359
1358 1380
1458 1484 1485 1486
1485 1507
1586 1606 1607 1608
1607 1635
1715 1735 1736 1737
1736 1759
1834 1865 1866 1867
1866 1889
1964 1987 1988 1989
1988 2020
2095 2118 2119 2120
2119 2145
2225 2249 2250 2251
2250 2272
329 353 354 424
353 374
390 425 426 427
426 449
525 562 563 564
563 585
663 701 702 703
702 723
803 842 843 844
843 862
945 984 985 986
985 1002
1069 1088 1089 1090
1089 1127
1194 1213 1214 1215
1214 1234
1312 1339 1340 1341
1340 1360
1439 1459 1460 1461
1460 1487
1567 1587 1588 1589
1588 1609
1683 1716 1717 1718
1717 1738
1812 1835 1836 1837
1836 1868
1942 1965 1966 1967
1966 1990
2070 2096 2097 2098
2097 2121
2202 2226 2227 2228
2227 2252
330 355 356 427
355 375
391 428 429 430
429 450
526 565 566 567
566 586
664 704 705 706
705 724
804 845 846 847
846 863
927 946 947 948
947 987
1051 1070 1071 1072
1071 1091
1167 1195 1196 1197
1196 1216
1293 1313 1314 1315
1314 1342
1420 1440 1441 1442
1441 1462
1533 1568 1569 1570
1569 1590
1661 1684 1685 1686
1685 1719
1790 1813 1814 1815
1814 1838
1916 1943 1944 1945
1944 1968
2047 2071 2072 2073
2072 2099
2179 2203 2204 2205
2204 2229
331 357 358 430
357 376
392 431 432 433
432 451
527 568 569 570
569 587
665 707 708 709
708 725
787 805 806 807
806 848
910 928 929 930
929 949
1024 1052 1053 1054
1053 1073
1149 1168 1169 1170
1169 1198
1275 1294 1295 1296
1295 1316
1385 1421 1422 1423
1422 1443
1512 1534 1535 1536
1535 1571
1640 1662 1663 1664
1663 1687
1764 1791 1792 1793
1792 1816
1894 1917 1918 1919
1918 1946
2025 2048 2049 2050
2049 2074
2150 2180 2181 2182
2181 2206
332 359 360 433
359 377
393 434 435 436
435 452
528 571 572 573
572 588
649 666 667 668
667 710
771 788 789 790
789 808
883 911 912 913
912 931
1007 1025 1026 1027
1026 1055
1132 1150 1151 1152
1151 1171
1239 1276 1277 1278
1277 1297
1365 1386 1387 1388
1387 1424
1492 1513 1514 1515
1514 1537
1614 1641 1642 1643
1642 1665
1743 1765 1766 1767
1766 1794
1873 1895 1896 1897
1896 1920
1995 2026 2027 2028
2027 2051
2126 2151 2152 2153
2152 2183
333 361 362 436
361 378
394 437 438 439
438 453
514 529 530 531
530 574
635 650 651 652
651 669
745 772 773 774
773 791
868 884 885 886
885 914
992 1008 1009 1010
1009 1028
1096 1133 1134 1135
1134 1153
1221 1240 1241 1242
1241 1279
1347 1366 1367 1368
1367 1389
1467 1493 1494 1495
1494 1516
1595 1615 1616 1617
1616 1644
1724 1744 1745 1746
1745 1768
1843 1874 1875 1876
1875 1898
1973 1996 1997 1998
1997 2029
2104 2127 2128 2129
2128 2154
334 363 364 439
363 379
454 469 470 531
469 499
575 590 591 652
590 607
670 712 713 774
712 729
792 810 811 886
810 852
915 933 934 1010
933 953
1029 1057 1058 1135
1057 1077
1154 1173 1174 1242
1173 1202
1280 1299 1300 1368
1299 1320
1390 1426 1427 1495
1426 1447
1517 1539 1540 1617
1539 1575
1645 1667 1668 1746
1667 1691
1769 1796 1797 1876
1796 1820
1899 1922 1923 1998
1922 1950
2030 2053 2054 2129
2053 2078
2155 2185 2186 63
2185 2210
336 365
397 455 472
338 366
400 456 474
340 367
403 457 476
342 368
406 458 478
344 369
409 459 480
346 370
412 460 482
348 371
415 461 484
350 372
418 462 486
352 373
421 463 488
354 374
424 464 490
356 375
427 465 492
358 376
430 466 494
360 377
433 467 496
362 378
436 468 498
364 379
439 454 470
365 380 395
366 381 398
367 382 401
368 383 404
369 384 407
370 385 410
371 386 413
372 387 416
373 388 419
374 389 422
375 390 425
376 391 428
377 392 431
378 393 434
379 394 437
395 34
398 440
401 441
404 442
407 443
410 444
413 445
416 446
419 447
422 448
425 449
428 450
431 451
434 452
437 453
34
455 471 472 534
472 500
440 455 471
456 473 474 537
474 501
441 456 473
457 475 476 540
476 502
442 457 475
458 477 478 543
478 503
443 458 477
459 479 480 546
480 504
444 459 479
460 481 482 549
482 505
445 460 481
461 483 484 552
484 506
446 461 483
462 485 486 555
486 507
447 462 485
463 487 488 558
488 508
448 463 487
464 489 490 561
490 509
449 464 489
465 491 492 564
492 510
450 465 491
466 493 494 567
494 511
451 466 493
467 495 496 570
496 512
452 467 495
468 497 498 573
498 513
453 468 497
470 499
471 500
473 501
475 502
477 503
479 504
481 505
483 506
485 507
487 508
489 509
491 510
493 511
495 512
497 513
531 575 591
534 592 609
537 593 611
540 594 613
543 595 615
546 596 617
549 597 619
552 598 621
555 599 623
558 600 625
561 601 627
564 602 629
567 603 631
570 604 633
573 589 606
499 514 529
500 515 532
501 516 535
502 517 538
503 518 541
504 519 544
505 520 547
506 521 550
507 522 553
508 523 556
509 524 559
510 525 562
511 526 565
512 527 568
513 528 571
529 574
532 35
535 576
538 577
541 578
544 579
547 580
550 581
553 582
556 583
559 584
562 585
565 586
568 587
571 588
574 589 605
591 607
35
592 608 609 673
609 636
576 592 608
593 610 611 676
611 637
577 593 610
594 612 613 679
613 638
578 594 612
595 614 615 682
615 639
579 595 614
596 616 617 685
617 640
580 596 616
597 618 619 688
619 641
581 597 618
598 620 621 691
621 642
582 598 620
599 622 623 694
623 643
583 599 622
600 624 625 697
625 644
584 600 624
601 626 627 700
627 645
585 601 626
602 628 629 703
629 646
586 602 628
603 630 631 706
631 647
587 603 630
604 632 633 709
633 648
588 604 632
589 605 606 668
606 634
605 634
652 670 713
608 636
610 637
612 638
614 639
616 640
618 641
620 642
622 643
624 644
626 645
628 646
630 647
632 648
668 711 728
607 635 650
673 730 747
676 731 749
679 732 751
682 733 753
685 734 755
688 735 757
691 736 759
694 737 761
697 738 763
700 739 765
703 740 767
706 741 769
709 726 743
634 649 666
650 669
636 653 671
637 654 674
638 655 677
639 656 680
640 657 683
641 658 686
642 659 689
643 660 692
644 661 695
645 662 698
646 663 701
647 664 704
648 665 707
666 710
671 36
674 714
677 715
680 716
683 717
686 718
689 719
692 720
695 721
698 722
701 723
704 724
707 725
669 711 727
713 729
710 726 742
711 727 728 790
728 744
727 744
774 792 811
36
730 746 747 814
747 775
714 730 746
731 748 749 817
749 776
715 731 748
732 750 751 820
751 777
716 732 750
733 752 753 823
753 778
717 733 752
734 754 755 826
755 779
718 734 754
735 756 757 829
757 780
719 735 756
736 758 759 832
759 781
720 736 758
737 760 761 835
761 782
721 737 760
738 762 763 838
763 783
722 738 762
739 764 765 841
765 784
723 739 764
740 766 767 844
767 785
724 740 766
741 768 769 847
769 786
725 741 768
726 742 743 807
743 770
742 770
790 809 851
729 745 772
746 775
748 776
750 777
752 778
754 779
756 780
758 781
760 782
762 783
764 784
766 785
768 786
807 849 866
744 771 788
772 791
814 869 888
817 870 890
820 871 892
823 872 894
826 873 896
829 874 898
832 875 900
835 876 902
838 877 904
841 878 906
844 879 908
847 864 881
770 787 805
788 808
775 793 812
776 794 815
777 795 818
778 796 821
779 797 824
780 798 827
781 799 830
782 800 833
783 801 836
784 802 839
785 803 842
786 804 845
805 848
791 809 850
811 852
812 37
815 853
818 854
821 855
824 856
827 857
830 858
833 859
836 860
839 861
842 862
845 863
808 849 865
809 850 851 913
851 867
850 867
886 915 934
848 864 880
849 865 866 930
866 882
865 882
913 932 952
852 868 884
37
869 887 888 956
888 916
853 869 887
870 889 890 959
890 917
854 870 889
871 891 892 962
892 918
855 871 891
872 893 894 965
894 919
856 872 893
873 895 896 968
896 920
857 873 895
874 897 898 971
898 921
858 874 897
875 899 900 974
900 922
859 875 899
876 901 902 977
902 923
860 876 901
877 903 904 980
904 924
861 877 903
878 905 906 983
906 925
862 878 905
879 907 908 986
908 926
863 879 907
864 880 881 948
881 909
880 909
930 950 990
867 883 911
884 914
887 916
889 917
891 918
893 919
895 920
897 921
899 922
901 923
903 924
905 925
907 926
948 988 1005
882 910 928
911 931
956 1011 1031
959 1012 1033
962 1013 1035
965 1014 1037
968 1015 1039
971 1016 1041
974 1017 1043
977 1018 1045
980 1019 1047
983 1020 1049
986 1003 1022
909 927 946
928 949
914 932 951
934 953
916 935 954
917 936 957
918 937 960
919 938 963
920 939 966
921 940 969
922 941 972
923 942 975
924 943 978
925 944 981
926 945 984
946 987
931 950 989
932 951 952 1027
952 991
951 991
1010 1029 1058
954 38
957 993
960 994
963 995
966 996
969 997
972 998
975 999
978 1000
981 1001
984 1002
949 988 1004
950 989 990 1054
990 1006
989 1006
1027 1056 1076
953 992 1008
987 1003 1021
988 1004 1005 1072
1005 1023
1004 1023
1054 1074 1094
991 1007 1025
1008 1028
38
1011 1030 1031 1099
1031 1059
993 1011 1030
1012 1032 1033 1102
1033 1060
994 1012 1032
1013 1034 1035 1105
1035 1061
995 1013 1034
1014 1036 1037 1108
1037 1062
996 1014 1036
1015 1038 1039 1111
1039 1063
997 1015 1038
1016 1040 1041 1114
1041 1064
998 1016 1040
1017 1042 1043 1117
1043 1065
999 1017 1042
1018 1044 1045 1120
1045 1066
1000 1018 1044
1019 1046 1047 1123
1047 1067
1001 1019 1046
1020 1048 1049 1126
1049 1068
1002 1020 1048
1003 1021 1022 1090
1022 1050
1021 1050
1072 1092 1130
1006 1024 1052
1025 1055
1030 1059
1032 1060
1034 1061
1036 1062
1038 1063
1040 1064
1042 1065
1044 1066
1046 1067
1048 1068
1090 1128 1147
1023 1051 1070
1052 1073
1028 1056 1075
1058 1077
1099 1155 1176
1102 1156 1178
1105 1157 1180
1108 1158 1182
1111 1159 1184
1114 1160 1186
1117 1161 1188
1120 1162 1190
1123 1163 1192
1126 1145 1165
1050 1069 1088
1070 1091
1055 1074 1093
1056 1075 1076 1152
1076 1095
1075 1095
1135 1154 1174
1059 1078 1097
1060 1079 1100
1061 1080 1103
1062 1081 1106
1063 1082 1109
1064 1083 1112
1065 1084 1115
1066 1085 1118
1067 1086 1121
1068 1087 1124
1088 1127
1073 1092 1129
1074 1093 1094 1170
1094 1131
1093 1131
1152 1172 1201
1077 1096 1133
1097 39
1100 1136
1103 1137
1106 1138
1109 1139
1112 1140
1115 1141
1118 1142
1121 1143
1124 1144
1091 1128 1146
1092 1129 1130 1197
1130 1148
1129 1148
1170 1199 1219
1095 1132 1150
1133 1153
1127 1145 1164
1128 1146 1147 1215
1147 1166
1146 1166
1197 1217 1237
1131 1149 1168
1150 1171
39
1155 1175 1176 1245
1176 1203
1136 1155 1175
1156 1177 1178 1248
1178 1204
1137 1156 1177
1157 1179 1180 1251
1180 1205
1138 1157 1179
1158 1181 1182 1254
1182 1206
1139 1158 1181
1159 1183 1184 1257
1184 1207
1140 1159 1183
1160 1185 1186 1260
1186 1208
1141 1160 1185
1161 1187 1188 1263
1188 1209
1142 1161 1187
1162 1189 1190 1266
1190 1210
1143 1162 1189
1163 1191 1192 1269
1192 1211
1144 1163 1191
1145 1164 1165 1233
1165 1193
1164 1193
1215 1235 1273
1148 1167 1195
1168 1198
1153 1172 1200
1174 1202
1175 1203
1177 1204
1179 1205
1181 1206
1183 1207
1185 1208
1187 1209
1189 1210
1191 1211
1233 1271 1291
1166 1194 1213
1195 1216
1171 1199 1218
1172 1200 1201 1278
1201 1220
1200 1220
1242 1280 1300
1245 1301 1322
1248 1302 1324
1251 1303 1326
1254 1304 1328
1257 1305 1330
1260 1306 1332
1263 1307 1334
1266 1308 1336
1269 1289 1310
1193 1212 1231
1213 1234
1198 1217 1236
1199 1218 1219 1296
1219 1238
1218 1238
1278 1298 1319
1202 1221 1240
1203 1222 1243
1204 1223 1246
1205 1224 1249
1206 1225 1252
1207 1226 1255
1208 1227 1258
1209 1228 1261
1210 1229 1264
1211 1230 1267
1231 1270
1216 1235 1272
1217 1236 1237 1315
1237 1274
1236 1274
1296 1317 1345
1220 1239 1276
1240 1279
1243 40
1246 1281
1249 1282
1252 1283
1255 1284
1258 1285
1261 1286
1264 1287
1267 1288
1234 1271 1290
1235 1272 1273 1341
1273 1292
1272 1292
1315 1343 1363
1238 1275 1294
1276 1297
1270 1289 1309
1271 1290 1291 1359
1291 1311
1290 1311
1341 1361 1383
1274 1293 1313
1294 1316
1279 1298 1318
1300 1320
40
1301 1321 1322 1393
1322 1348
1281 1301 1321
1302 1323 1324 1396
1324 1349
1282 1302 1323
1303 1325 1326 1399
1326 1350
1283 1303 1325
1304 1327 1328 1402
1328 1351
1284 1304 1327
1305 1329 1330 1405
1330 1352
1285 1305 1329
1306 1331 1332 1408
1332 1353
1286 1306 1331
1307 1333 1334 1411
1334 1354
1287 1307 1333
1308 1335 1336 1414
1336 1355
1288 1308 1335
1289 1309 1310 1379
1310 1337
1309 1337
1359 1381 1418
1292 1312 1339
1313 1342
1297 1317 1344
1298 1318 1319 1388
1319 1346
1318 1346
1368 1390 1427
1321 1348
1323 1349
1325 1350
1327 1351
1329 1352
1331 1353
1333 1354
1335 1355
1379 1416 1437
1311 1338 1357
1339 1360
1316 1343 1362
1317 1344 1345 1423
1345 1364
1344 1364
1388 1425 1446
1320 1347 1366
1393 1448 1469
1396 1449 1471
1399 1450 1473
1402 1451 1475
1405 1452 1477
1408 1453 1479
1411 1454 1481
1414 1435 1456
1337 1356 1377
1357 1380
1342 1361 1382
1343 1362 1363 1442
1363 1384
1362 1384
1423 1444 1465
1346 1365 1386
1366 1389
1348 1369 1391
1349 1370 1394
1350 1371 1397
1351 1372 1400
1352 1373 1403
1353 1374 1406
1354 1375 1409
1355 1376 1412
1377 1415
1360 1381 1417
1361 1382 1383 1461
1383 1419
1382 1419
1442 1463 1490
1364 1385 1421
1386 1424
1391 41
1394 1428
1397 1429
1400 1430
1403 1431
1406 1432
1409 1433
1412 1434
1380 1416 1436
1381 1417 1418 1486
1418 1438
1417 1438
1461 1488 1510
1384 1420 1440
1421 1443
1389 1425 1445
1427 1447
1415 1435 1455
1416 1436 1437 1506
1437 1457
1436 1457
1486 1508 1531
1419 1439 1459
1440 1462
1424 1444 1464
1425 1445 1446 1515
1446 1466
1445 1466
1495 1517 1540
41
1448 1468 1469 1543
1469 1496
1428 1448 1468
1449 1470 1471 1546
1471 1497
1429 1449 1470
1450 1472 1473 1549
1473 1498
1430 1450 1472
1451 1474 1475 1552
1475 1499
1431 1451 1474
1452 1476 1477 1555
1477 1500
1432 1452 1476
1453 1478 1479 1558
1479 1501
1433 1453 1478
1454 1480 1481 1561
1481 1502
1434 1454 1480
1435 1455 1456 1527
1456 1482
1455 1482
1506 1529 1565
1438 1458 1484
1459 1487
1443 1463 1489
1444 1464 1465 1536
1465 1491
1464 1491
1515 1538 1574
1447 1467 1493
1468 1496
1470 1497
1472 1498
1474 1499
1476 1500
1478 1501
1480 1502
1527 1563 1584
1457 1483 1504
1484 1507
1462 1488 1509
1463 1489 1490 1570
1490 1511
1489 1511
1536 1572 1593
1466 1492 1513
1493 1516
1543 1596 1619
1546 1597 1621
1549 1598 1623
1552 1599 1625
1555 1600 1627
1558 1601 1629
1561 1582 1603
1482 1503 1525
1504 1528
1487 1508 1530
1488 1509 1510 1589
1510 1532
1509 1532
1570 1591 1612
1491 1512 1534
1513 1537
1496 1518 1541
1497 1519 1544
1498 1520 1547
1499 1521 1550
1500 1522 1553
1501 1523 1556
1502 1524 1559
1525 1562
1507 1529 1564
1508 1530 1531 1608
1531 1566
1530 1566
1589 1610 1638
1511 1533 1568
1534 1571
1516 1538 1573
1540 1575
1541 42
1544 1576
1547 1577
1550 1578
1553 1579
1556 1580
1559 1581
1528 1563 1583
1529 1564 1565 1634
1565 1585
1564 1585
1608 1636 1659
1532 1567 1587
1568 1590
1537 1572 1592
1538 1573 1574 1643
1574 1594
1573 1594
1617 1645 1668
1562 1582 1602
1563 1583 1584 1655
1584 1604
1583 1604
1634 1657 1681
1566 1586 1606
1587 1609
1571 1591 1611
1572 1592 1593 1664
1593 1613
1592 1613
1643 1666 1690
1575 1595 1615
42
1596 1618 1619 1694
1619 1646
1576 1596 1618
1597 1620 1621 1697
1621 1647
1577 1597 1620
1598 1622 1623 1700
1623 1648
1578 1598 1622
1599 1624 1625 1703
1625 1649
1579 1599 1624
1600 1626 1627 1706
1627 1650
1580 1600 1626
1601 1628 1629 1709
1629 1651
1581 1601 1628
1582 1602 1603 1677
1603 1630
1602 1630
1655 1679 1713
1585 1605 1632
1606 1635
1590 1610 1637
1591 1611 1612 1686
1612 1639
1611 1639
1664 1688 1722
1594 1614 1641
1615 1644
1618 1646
1620 1647
1622 1648
1624 1649
1626 1650
1628 1651
1677 1711 1732
1604 1631 1653
1632 1656
1609 1636 1658
1610 1637 1638 1718
1638 1660
1637 1660
1686 1720 1741
1613 1640 1662
1641 1665
1694 1747 1771
1697 1748 1773
1700 1749 1775
1703 1750 1777
1706 1751 1779
1709 1730 1753
1630 1652 1675
1653 1678
1635 1657 1680
1636 1658 1659 1737
1659 1682
1658 1682
1718 1739 1762
1639 1661 1684
1662 1687
1644 1666 1689
1668 1691
1646 1669 1692
1647 1670 1695
1648 1671 1698
1649 1672 1701
1650 1673 1704
1651 1674 1707
1675 1710
1656 1679 1712
1657 1680 1681 1758
1681 1714
1680 1714
1737 1760 1788
1660 1683 1716
1684 1719
1665 1688 1721
1666 1689 1690 1767
1690 1723
1689 1723
1746 1769 1797
1692 43
1695 1725
1698 1726
1701 1727
1704 1728
1707 1729
1678 1711 1731
1679 1712 1713 1784
1713 1733
1712 1733
1758 1786 1810
1682 1715 1735
1716 1738
1687 1720 1740
1688 1721 1722 1793
1722 1742
1721 1742
1767 1795 1819
1691 1724 1744
1710 1730 1752
1711 1731 1732 1806
1732 1754
1731 1754
1784 1808 1832
1714 1734 1756
1735 1759
1719 1739 1761
1720 1740 1741 1815
1741 1763
1740 1763
1793 1817 1841
1723 1743 1765
1744 1768
43
1747 1770 1771 1846
1771 1798
1725 1747 1770
1748 1772 1773 1849
1773 1799
1726 1748 1772
1749 1774 1775 1852
1775 1800
1727 1749 1774
1750 1776 1777 1855
1777 1801
1728 1750 1776
1751 1778 1779 1858
1779 1802
1729 1751 1778
1730 1752 1753 1828
1753 1780
1752 1780
1806 1830 1862
1733 1755 1782
1756 1785
1738 1760 1787
1739 1761 1762 1837
1762 1789
1761 1789
1815 1839 1871
1742 1764 1791
1765 1794
1770 1798
1772 1799
1774 1800
1776 1801
1778 1802
1828 1860 1883
1754 1781 1804
1782 1807
1759 1786 1809
1760 1787 1788 1867
1788 1811
1787 1811
1837 1869 1892
1763 1790 1813
1791 1816
1768 1795 1818
1797 1820
1846 1900 1925
1849 1901 1927
1852 1902 1929
1855 1903 1931
1858 1881 1905
1780 1803 1826
1804 1829
1785 1808 1831
1786 1809 1810 1888
1810 1833
1809 1833
1867 1890 1914
1789 1812 1835
1813 1838
1794 1817 1840
1795 1818 1819 1897
1819 1842
1818 1842
1876 1899 1923
1798 1821 1844
1799 1822 1847
1800 1823 1850
1801 1824 1853
1802 1825 1856
1826 1859
1807 1830 1861
1808 1831 1832 1910
1832 1863
1831 1863
1888 1912 1940
1811 1834 1865
1835 1868
1816 1839 1870
1817 1840 1841 1919
1841 1872
1840 1872
1897 1921 1949
1820 1843 1874
1844 44
1847 1877
1850 1878
1853 1879
1856 1880
1829 1860 1882
1830 1861 1862 1936
1862 1884
1861 1884
1910 1938 1962
1833 1864 1886
1865 1889
1838 1869 1891
1839 1870 1871 1945
1871 1893
1870 1893
1919 1947 1971
1842 1873 1895
1874 1898
1859 1881 1904
1860 1882 1883 1958
1883 1906
1882 1906
1936 1960 1984
1863 1885 1908
1886 1911
1868 1890 1913
1869 1891 1892 1967
1892 1915
1891 1915
1945 1969 1993
1872 1894 1917
1895 1920
44
1900 1924 1925 2001
1925 1951
1877 1900 1924
1901 1926 1927 2004
1927 1952
1878 1901 1926
1902 1928 1929 2007
1929 1953
1879 1902 1928
1903 1930 1931 2010
1931 1954
1880 1903 1930
1881 1904 1905 1980
1905 1932
1904 1932
1958 1982 2014
1884 1907 1934
1908 1937
1889 1912 1939
1890 1913 1914 1989
1914 1941
1913 1941
1967 1991 2023
1893 1916 1943
1917 1946
1898 1921 1948
1923 1950
1924 1951
1926 1952
1928 1953
1930 1954
1980 2012 2036
1906 1933 1956
1934 1959
1911 1938 1961
1912 1939 1940 2019
1940 1963
1939 1963
1989 2021 2045
1915 1942 1965
1943 1968
1920 1947 1970
1921 1948 1949 2028
1949 1972
1948 1972
1998 2030 2054
2001 2055 2080
2004 2056 2082
2007 2057 2084
2010 2034 2059
1932 1955 1978
1956 1981
1937 1960 1983
1938 1961 1962 2041
1962 1985
1961 1985
2019 2043 2068
1941 1964 1987
1965 1990
1946 1969 1992
1947 1970 1971 2050
1971 1994
1970 1994
2028 2052 2077
1950 1973 1996
1951 1974 1999
1952 1975 2002
1953 1976 2005
1954 1977 2008
1978 2011
1959 1982 2013
1960 1983 1984 2064
1984 2015
1983 2015
2041 2066 2093
1963 1986 2017
1987 2020
1968 1991 2022
1969 1992 1993 2073
1993 2024
1992 2024
2050 2075 2102
1972 1995 2026
1996 2029
1999 45
2002 2031
2005 2032
2008 2033
1981 2012 2035
1982 2013 2014 2089
2014 2037
2013 2037
2064 2091 2115
1985 2016 2039
2017 2042
1990 2021 2044
1991 2022 2023 2098
2023 2046
2022 2046
2073 2100 2124
1994 2025 2048
2026 2051
2011 2034 2058
2012 2035 2036 2111
2036 2060
2035 2060
2089 2113 2139
2015 2038 2062
2039 2065
2020 2043 2067
2021 2044 2045 2120
2045 2069
2044 2069
2098 2122 2148
2024 2047 2071
2048 2074
2029 2052 2076
2054 2078
45
2055 2079 2080 2158
2080 2105
2031 2055 2079
2056 2081 2082 2161
2082 2106
2032 2056 2081
2057 2083 2084 2164
2084 2107
2033 2057 2083
2034 2058 2059 2135
2059 2085
2058 2085
2111 2137 2168
2037 2061 2087
2062 2090
2042 2066 2092
2043 2067 2068 2144
2068 2094
2067 2094
2120 2146 2177
2046 2070 2096
2071 2099
2051 2075 2101
2052 2076 2077 2153
2077 2103
2076 2103
2129 2155 2186
2079 2105
2081 2106
2083 2107
2135 2166 2191
2060 2086 2109
2087 2112
2065 2091 2114
2066 2092 2093 2173
2093 2116
2092 2116
2144 2175 2200
2069 2095 2118
2096 2121
2074 2100 2123
2075 2101 2102 2182
2102 2125
2101 2125
2153 2184 2209
2078 2104 2127
2158 2211 2235
2161 2212 2237
2164 2189 2214
2085 2108 2133
2109 2136
2090 2113 2138
2091 2114 2115 2196
2115 2140
2114 2140
2173 2198 2223
2094 2117 2142
2118 2145
2099 2122 2147
2100 2123 2124 2205
2124 2149
2123 2149
2182 2207 2232
2103 2126 2151
2127 2154
2105 2130 2156
2106 2131 2159
2107 2132 2162
2133 2165
2112 2137 2167
2113 2138 2139 2219
2139 2169
2138 2169
2196 2221 2246
2116 2141 2171
2142 2174
2121 2146 2176
2122 2147 2148 2228
2148 2178
2147 2178
2205 2230 2255
2125 2150 2180
2151 2183
2156 46
2159 2187
2162 2188
2136 2166 2190
2137 2167 2168 2242
2168 2192
2167 2192
2219 2244 2266
2140 2170 2194
2171 2197
2145 2175 2199
2146 2176 2177 2251
2177 2201
2176 2201
2228 2253 2275
2149 2179 2203
2180 2206
2154 2184 2208
2186 2210
2165 2189 2213
2166 2190 2191 2262
2191 2215
2190 2215
2242 2264 2285
2169 2193 2217
2194 2220
2174 2198 2222
2175 2199 2200 2271
2200 2224
2199 2224
2251 2273 2294
2178 2202 2226
2203 2229
2183 2207 2231
2184 2208 2209 2445
2209 2233
2208 2233
63
46
2211 2234 2235 2298
2235 2257
2187 2211 2234
2212 2236 2237 2301
2237 2258
2188 2212 2236
2189 2213 2214 2281
2214 2238
2213 2238
2262 2283 2305
2192 2216 2240
2217 2243
2197 2221 2245
2198 2222 2223 2290
2223 2247
2222 2247
2271 2292 2314
2201 2225 2249
2226 2252
2206 2230 2254
2207 2231 2232 2441
2232 2256
2231 2256
2445 2446 2448
2210 2446 2447
2234 2257
2236 2258
2281 2303 2319
2215 2239 2260
2240 2263
2220 2244 2265
2221 2245 2246 2310
2246 2267
2245 2267
2290 2312 2328
2224 2248 2269
2249 2272
2229 2253 2274
2230 2254 2255 2437
2255 2276
2254 2276
2441 2442 2444
2233 2442 2443
2446 2447 2448 63
2447 64
2298 2330 2344
2301 2317 2332
2238 2259 2279
2260 2282
2243 2264 2284
2244 2265 2266 2324
2266 2286
2265 2286
2310 2326 2341
2247 2268 2288
2269 2291
2252 2273 2293
2253 2274 2275 2433
2275 2295
2274 2295
2437 2438 2440
2256 2438 2439
2442 2443 2444 2445
2443 62
2257 2277 2296
2258 2278 2299
2279 2302
2263 2283 2304
2264 2284 2285 2337
2285 2306
2284 2306
2324 2339 2353
2267 2287 2308
2288 2311
2272 2292 2313
2273 2293 2294 2429
2294 2315
2293 2315
2433 2434 2436
2276 2434 2435
2438 2439 2440 2441
2439 61
2296 47
2299 2316
2282 2303 2318
2283 2304 2305 2349
2305 2320
2304 2320
2337 2351 2363
2286 2307 2322
2308 2325
2291 2312 2327
2292 2313 2314 2425
2314 2329
2313 2329
2429 2430 2432
2295 2430 2431
2434 2435 2436 2437
2435 60
2302 2317 2331
2303 2318 2319 2359
2319 2333
2318 2333
2349 2361 2372
2306 2321 2335
2322 2338
2311 2326 2340
2312 2327 2328 2421
2328 2342
2327 2342
2425 2426 2428
2315 2426 2427
2430 2431 2432 2433
2431 59
47
2330 2343 2344 2376
2344 2355
2316 2330 2343
2317 2331 2332 2368
2332 2345
2331 2345
2359 2370 2380
2320 2334 2347
2335 2350
2325 2339 2352
2326 2340 2341 2417
2341 2354
2340 2354
2421 2422 2424
2329 2422 2423
2426 2427 2428 2429
2427 58
2343 2355
2368 2378 2384
2333 2346 2357
2347 2360
2338 2351 2362
2339 2352 2353 2413
2353 2364
2352 2364
2417 2418 2420
2342 2418 2419
2422 2423 2424 2425
2423 57
2376 2382 2387
2345 2356 2366
2357 2369
2350 2361 2371
2351 2362 2363 2409
2363 2373
2362 2373
2413 2414 2416
2354 2414 2415
2418 2419 2420 2421
2419 56
2355 2365 2374
2366 2377
2360 2370 2379
2361 2371 2372 2405
2372 2381
2371 2381
2409 2410 2412
2364 2410 2411
2414 2415 2416 2417
2415 55
2374 48
2369 2378 2383
2370 2379 2380 2401
2380 2385
2379 2385
2405 2406 2408
2373 2406 2407
2410 2411 2412 2413
2411 54
2377 2382 2386
2378 2383 2384 2397
2384 2388
2383 2388
2401 2402 2404
2381 2402 2403
2406 2407 2408 2409
2407 53
48
2382 2386 2387 2393
2387 2389
2386 2389
2397 2398 2400
2385 2398 2399
2402 2403 2404 2405
2403 52
2393 2394 2396
2388 2394 2395
2398 2399 2400 2401
2399 51
2389 2390 2391
2394 2395 2396 2397
2395 50
2390 2391 2392 2393
2391 49
2392 49
49
2396 50
50
2400 51
51
2404 52
52
2408 53
53
2412 54
54
2416 55
55
2420 56
56
2424 57
57
2428 58
58
2432 59
59
2436 60
60
2440 61
61
2444 62
62
2448
64
2449 64
