#adjlist.py
# GMT Tue May 17 12:03:42 2022
# 
1 208 209 322
208
209
322 253 389
2 321 323 324
321 248
323 255 257
324 387 258
3 330 331
330 390 392 394
331 396 409 411
4 330 331
5 244 329
244
329 256 259
6 343 344 346 347
343 397 401 403 410 412
344 391 393 395 400 404
346 405 413 414 416 417
347 406 415 1011 1384
7 569 734
569 831
734 993
8 568 733
568 830
733 992
9 567 732
567 829
732 991
10 621 764
621 848
764 1014
11 620 763
620 847
763 1013
12 328 332
328 398 399 419 423 426 427 486 487 490 492
332 466 467 488 596
13 566 731
566 828
731 990
14 565 730
565 870
730 1138
15 619 762
619 846
762 1012
16 622 765
622 849
765 1015
17 787
787 1032
18 788
788 1033
19 789
789 1034
20 790
790 1035
21 315
315 248
22 769
769 1173
23 772
772 1019
24 776
776 1023
25 777
777 1024
26 778
778 1025
27 797
797 857
28 796
796 856
29 792
792 852
30 623 766
623 850
766 1016
31 781
781 1172
32 755 782
755 845
782 1171
33 786
786 1031
34 783
783 1028
35 785
785 1030
36 784
784 1029
37 770
770 1017
38 771
771 1018
39 775
775 1022
40 774
774 1021
41 773
773 1020
42 791
791 872
43 793
793 853
44 794
794 854
45 795
795 855
46 798
798 858
47 749
749 841
48 751
751 843
49 2795 2950 2951 2976
2795 2994
2950 265
2951 266
2976 3155
50 717 722
717 984
722 988
51 716 721
716 983
721 987
52 706 711
706 976
711 981
53 702 707
702 972
707 977
54 337 342
337 254 402
342 612
55 799
799 859
56 800
800 860
57 748
748 840
58 750
750 842
59 747
747 839
60 746
746 867
61 714 719
714 1139
719 1137
62 715 720
715 982
720 986
63 718 723
718 985
723 989
64 705 710
705 975
710 980
65 704 709
704 974
709 979
66 703 708
703 973
708 978
67 316
316 387 258
68 316
69 694 699
694 823
699 827
70 692 697
692 821
697 825
71 690 695
690 871
695 866
72 693 698
693 822
698 826
73 691 696
691 820
696 824
74 318
318 249 382
75 537
537 824
76 320
320 250 382
77 514
514 683
78 513
513 682
79 512
512 681
80 511
511 680
81 510
510 679
82 540
540 827
83 539
539 826
84 538
538 825
85 536
536 866
86 317
317 252 383
87 262
262
88 502
502 673
89 501
501 672
90 500
500 671
91 499
499 670
92 498
498 669
93 497
497 668
94 494
494 666
95 532
532 820
96 317
97 509
509 678
98 508
508 677
99 507
507 676
100 506
506 675
101 505
505 674
102 535
535 823
103 534
534 822
104 533
533 821
105 531
531 871
106 319
319 251 383
107 319
108 318
109 319
110 319
111 889
889 982
112 317
113 761
761 850
114 760
760 849
115 759
759 848
116 758
758 847
117 757
757 846
118 892
892 985
119 891
891 984
120 890
890 983
121 888
888 1139
122 726
726 828
123 317
124 882
882 976
125 881
881 975
126 880
880 974
127 879
879 973
128 878
878 972
129 729
729 831
130 728
728 830
131 727
727 829
132 725
725 870
133 588
588 736
134 320
135 594
594 742
136 593
593 741
137 592
592 740
138 591
591 739
139 590
590 738
140 589
589 737
141 894
894 986
142 320
143 908
908 1016
144 907
907 1015
145 906
906 1014
146 905
905 1013
147 904
904 1012
148 897
897 989
149 896
896 988
150 895
895 987
151 893
893 1137
152 318
153 899
899 990
154 320
155 887
887 981
156 886
886 980
157 885
885 979
158 884
884 978
159 883
883 977
160 902
902 993
161 901
901 992
162 900
900 991
163 898
898 1138
164 318
166 255 257
255
257
167 333 752
333 385
752 869
168 210 334
210
334 609
169 245 335
245
335 424 431 610 939 950 1045
170 211 336
211
336 422 430 611 938 949
171 212 338
212
338 421 429 613 936 947
172 213 339
213
339 420 428 614 935 946
173 214 340 345
214
340 615
345 384
174 215 341 348
215
341 616
348 398 399 418 425
175 349 753
349 386
753 868
176 216 350
216
350 639
177 246 351
246
351 440 449 640 962 971 1084
178 217 352
217
352 438 448 641 961 970
179 218 353
218
353 437 447 642 960 969
180 219 354
219
354 436 446 643 959 968
181 220 325 355
220
325 435 445 958 967
355 644
182 221 356
221
356 439 444 645 957 966 1083 1094
183 222 357
222
357 434 443 646 956 965
184 223 326 358
223
326 433 442 955 964
358 647
185 224 327 359
224
327 432 441 954 963
359 648
186 225 361
225
361 919
187 226 362
226
362 754 920
188 227 363
227
363 457 464 921 1278 1287
189 228 364
228
364 456 463 922 1277 1286
190 229 365
229
365 455 462 923 1276 1285
191 230 366
230
366 454 461 924 1275 1284
192 231 367
231
367 453 465 925 1274 1283 1420 1429
193 232 368
232
368 452 460 926 1273 1282
194 233 369
233
369 451 459 927 1272 1281
195 234 370
234
370 450 458 928 1271 1280
196 235 371
235
371 909
197 247 372
247
372 476 485 910 1340 1357 1482
198 236 373
236
373 475 483 911 1339 1356
199 237 374
237
374 474 482 912 1338 1355
200 238 375
238
375 473 481 913 1337 1354
201 239 376
239
376 472 480 914 1336 1353
202 240 377
240
377 471 484 915 1335 1352 1452 1481
203 241 378
241
378 470 479 916 1334 1351
204 242 379
242
379 469 478 917 1333 1350
205 243 380
243
380 468 477 918 1332 1349
206 360 381 2733 2734 2735 2736 2966 2969 3088 3095 3109 3111 3119 3121
360 407 3646 3647 3705
381 388 3016
2733 2903
2734 2904
2735 2905
2736 2906
2966 3038
2969 3039
3088 264
3095 267
3109 3142
3111 3143
3119 3156
3121 3157
207 345 348 385 386
385 408
386 488 493
248
387 260
258
252
383 3370
249
382 3370
251
250
253
389 261 262
435 544 1567
445 554 1577
958 2280
967 2283
433 542 1565
442 551 1574
955 2052 2295 2296
964 2082 2301 2302
432 541 1564
441 550 1573
954 2278
963 2282
398 941 943 1043 1181
399 952
419 516 652
423 520 686
426 523 656
427 524 688
486 664 873 874 875 876
487 665 877
490 663 1986
492 660 1214
256
259
390 801 802 803 804 805
392 806 864 865
394 807 808 809 810 811
396 812 813 814 815 816
409 832 833 834 835 851
411 836 862 863
466 595 743
467 597 838
488 1180
596 1009
609 867
424 521 1541
431 528 1546
610 839
939 1400 2013 2016 2020 2022 2025 2026
950 2032 2035 2037 2038 3277
1045 1399 2811
422 519 1540
430 527 1545
611 840
938 2012 2015 2019 2021 2024 2276
949 2031 2034 2036 3276
254
402 649 650 937 948
421 518 1538
429 526 1543
613 842
936 2010 2290 2292
947 2029 3274
420 517 1537
428 525 1542
614 843
935 2275
946 2277
615 869
616 868
612 841
397 504 510 511 512 513 514
401 530 536 537 538 539 540
403 560 562 564 618
410 586 588 589 590 591 735
412 587 592 593 594
391 494 495 497 498 499 667
393 496 500 501 502
395 503 505 506 507 508 509
400 529 531 532 533 534 535
404 559 561
384 486 487 489 490 491 492
405 633 634 635 636
413 607 609 610 611 612 613
414 608 614 615 616 844 845
416 637 639 640 641 642 643
417 638 644 645 646 647 648
406 563 565 566 567 568 569
415 617 619 620 621 622 623
1011 1382 1513
1384 1706 1722 1864 1866 1869
418 515 653
425 522 657
639 872
440 549 1572
449 558 1581
640 852
962 1410 2065 2068 2072 2074 2077 2078
971 2097 2100 2102 2103 3273
1084 1409 2813
438 547 1570
448 557 1580
641 853
961 2064 2067 2071 2073 2076 2281
970 2096 2099 2101 3272
437 546 1569
447 556 1579
642 854
960 2063 2066 2070 2297 2299
969 2095 2098 3271
436 545 1568
446 555 1578
643 855
959 2062 2298 2300
968 2094 3270
644 856
439 548 1571
444 553 1576
645 857
957 1408 2054 2056 2059 2060
966 1411 2084 2086 2089 2090 2092
1083 1407 3006
1094 1270 2628
434 543 1566
443 552 1575
646 858
956 2053 2055 2058 2279
965 2083 2085 2088 2303 2304
647 859
648 860
407 3644 3645 3699
3646 3663
3647 3663
3705 3709
919 1172
754 844
920 1171
457 577 1908
464 584 1915
921 1028
1278 2370 2373 2375 2905
1287 2391 2394 2397 2399 2401 2635
456 576 1907
463 583 1914
922 1029
1277 2369 2372 2904
1286 2390 2393 2396 2683 2926
455 575 1906
462 582 1913
923 1030
1276 2368 2903
1285 2389 2684 2928
454 574 1905
461 581 1912
924 1031
1275 2631
1284 2634
453 573 1904
465 585 1916
925 1032
1274 1865 2359 2361 2364 2365 2367
1283 1868 2382 2384 2387 2388
1420 1707 2867
1429 1867 3130
452 572 1903
460 580 1911
926 1033
1273 2358 2360 2363 2679 2680
1282 2381 2383 2386 2633
451 571 1902
459 579 1910
927 1034
1272 2357 2677 2678
1281 2380 2681 2682
450 570 1901
458 578 1909
928 1035
1271 2630
1280 2632
909 1173
476 606 1938
485 632 1957
910 1017
1340 2433 2436 2438 2439 3377
1357 1882 2466 2469 2473 2475 2478 2479
1482 1881 3011
475 605 1937
483 630 1955
911 1018
1339 2432 2435 2437 3376
1356 2465 2468 2472 2474 2477 2648
474 604 1936
482 629 1954
912 1019
1338 2431 2434 3375
1355 2464 2467 2471 2697 2699
473 603 1935
481 628 1953
913 1020
1337 2430 3374
1354 2463 2698 2700
472 602 1934
480 627 1952
914 1021
1336 2642
1353 2647
471 601 1933
484 631 1956
915 1022
1335 1870 2420 2422 2425 2426 2428
1352 1880 2455 2457 2460 2461
1452 1775 2884
1481 1879 3133
470 600 1932
479 626 1951
916 1023
1334 2419 2421 2424 2689 2690
1351 2454 2456 2459 2646
469 599 1931
478 625 1950
917 1024
1333 2418 2687 2688
1350 2453 2695 2696
468 598 1930
477 624 1949
918 1025
1332 2641
1349 2645
388 2956
3016 263
3370 292
489 654 655
491 658 659
408 596 651
493 661 662
260
2956 263
261
801 934
802 1007 1058 1129
803 1006 1060 1127
804 1005 1059 1125
805 1004 1062 1123
495 666 667 668 669 670
667 802
806 1003 1061 1121
864 1063 1187
865 1064 1186
496 671 672 673
807 998 1104 1152
808 997 1112 1155
809 996 1102 1154
810 995 1100 1157
811 994 1098 1156
503 674 675 676 677 678
812 958 967 1068 1077 1089
813 957 966 1071 1081 1083 1088 1094
814 956 965 1070 1076 1087
815 955 964 1073 1075 1086
816 954 963 1072 1074 1085
504 679 680 681 682 683
941 1201 2706 3319
943 1394 1396
1043 1397 2656
1181 1631 2655
952 1213 2705 3401
529 690 691 692 693 694
530 695 696 697 698 699
649 685 1539
650 689 1544
937 2011 2014 2018 2289 2291
948 2030 2033 3275
560 701 707 708 709 710 711
562 713 719 720 721 722 723
564 724 730 731 732 733 734
618 756 762 763 764 765 766
559 700 702 703 704 705 706
561 712 714 715 716 717 718
633 767 769 770 771 772 773
634 768 774 775 776 777 778
635 779 781 782 783 784 785
636 780 786 787 788 789 790
563 725 726 727 728 729
3644 3663
3645 3663
3699 3709
651 744 745
832 939 950 1041 1045 1050 1051
833 938 949 1040 1049 1053
834 937 948 1039 1048 1052
835 936 947 1038 1047 1055
851 933
586 735 736 737 738 739
735 851
836 935 946 1037 1046 1054
862 1056 1185
863 1057 1184
587 740 741 742
607 746 747 748 749 750
608 751 752 753 754 755
844 1095 1096 1706 1722 1869
845 1161 1382
617 757 758 759 760 761
637 791 792 793 794 795
638 796 797 798 799 800
515 652
653 684
516 653
652 684
517 1190
1537 1649
518 1192
1538 1650
519 1196
1540 1652
520 655
686 817
521 1198
1541 1653
522 656
657 687
523 657
656 687
524 659
688 818
525 1202
1542 1654
526 1204
1543 1655
527 1208
1545 1657
528 1210
1546 1658
541 1234
1564 1671
542 1236
1565 1672
543 1238
1566 1673
544 1240
1567 1674
545 1242
1568 1675
546 1244
1569 1676
547 1246
1570 1677
548 1248
1571 1678
549 1250
1572 1679
550 1252
1573 1680
551 1254
1574 1681
552 1256
1575 1682
553 1258
1576 1683
554 1260
1577 1684
555 1262
1578 1685
556 1264
1579 1686
557 1266
1580 1687
558 1268
1581 1688
570 1690
1901 2104
571 1692
1902 2105
572 1694
1903 2106
573 1696
1904 2107
574 1698
1905 2108
575 1700
1906 2109
576 1702
1907 2110
577 1704
1908 2111
578 1708
1909 2115
579 1710
1910 2116
580 1712
1911 2117
581 1714
1912 2118
582 1716
1913 2119
583 1718
1914 2120
584 1720
1915 2121
585 1723
1916 2122
595 662
743 837
597 745
838 903
598 1757
1930 2148
599 1759
1931 2149
600 1761
1932 2150
601 1763
1933 2151
602 1765
1934 2152
603 1767
1935 2153
604 1769
1936 2154
605 1771
1937 2155
606 1773
1938 2156
624 1792
1949 2168
625 1794
1950 2169
626 1796
1951 2170
627 1798
1952 2171
628 1800
1953 2172
629 1802
1954 2173
630 1804
1955 2174
631 1806
1956 2175
632 1808
1957 2176
664 861 1987
873 941
874 1181
875 1043
876 943
665 819 1215
877 952
1180 1610 2758 3288
654 686
655 817
663 1856
1986 2216
658 688
659 818
660 1174
1214 1547
661 743
662 837
666 801
668 803
669 804
670 805
671 806
672 865
673 864
674 807
675 808
676 809
677 810
678 811
679 812
680 813
681 814
682 815
683 816
1190 1649
1192 1650
1196 1652
1198 1653
1202 1654
1204 1655
1208 1657
1210 1658
871 1027 1619
820 1002 1114 1149
821 1001 1110 1151
822 1000 1108 1150
823 999 1106 1153
866 953 1559
824 962 971 1065 1082 1084 1093
825 961 970 1067 1080 1092
826 960 969 1066 1079 1091
827 959 968 1069 1078 1090
1234 1671
1236 1672
1238 1673
1240 1674
1242 1675
1244 1676
1246 1677
1248 1678
1250 1679
1252 1680
1254 1681
1256 1682
1258 1683
1260 1684
1262 1685
1264 1686
1266 1687
1268 1688
700 878 879 880 881 882
701 883 884 885 886 887
712 888 889 890 891 892
713 893 894 895 896 897
724 898 899 900 901 902
870 1026 1616
828 1011 1145
829 1147 1160 1381
830 1146 1159 1379
831 1148 1158 1377
1690 2104
1692 2105
1694 2106
1696 2107
1698 2108
1700 2109
1702 2110
1704 2111
1708 2115
1710 2116
1712 2117
1714 2118
1716 2119
1718 2120
1720 2121
1723 2122
736 832
737 833
738 834
739 835
740 836
741 863
742 862
1009 1180
745 903
1757 2148
1759 2149
1761 2150
1763 2151
1765 2152
1767 2153
1769 2154
1771 2155
1773 2156
867 1010 1611
839 1007 1128 1130
840 1006 1126 1132
841 1005 1124 1131
842 1004 1122 1134
843 1003 1120 1133
869 1136 1188
868 1135 1189
756 904 905 906 907 908
846 1118 1140 1315
847 1119 1142 1313
848 1117 1141 1312
849 1116 1144 1310
850 1115 1143 1308
1792 2168
1794 2169
1796 2170
1798 2171
1800 2172
1802 2173
1804 2174
1806 2175
1808 2176
767 909 910 911 912 913
768 914 915 916 917 918
779 919 920 921 922 923
780 924 925 926 927 928
872 1036 1624
852 1002 1113 1162
853 1001 1109 1164
854 1000 1107 1163
855 999 1105 1166
856 998 1103 1165
857 997 1111 1168
858 996 1101 1167
859 995 1099 1170
860 994 1097 1169
685 1194
1539 1651
689 1206
1544 1656
744 838
684 873 874 875 876 929 930 940 942 944
817 940 942 944 1042 1044
687 877 931 932 951
818 945 951 3409
1174 1547
837 1008 1009
1856 2216
861 1858
1987 2217
819 1176
1215 1548
929 1182 3211
930 1183 3212
940 1200 2326 2609
942 1181
944 1394
1194 1651
931 1174 1175
932 1176 1177
951 1212 2327 2608
1206 1656
972 1375 1491 1507
973 1374 1493 1512
974 1373 1492 1505
975 1372 1495 1503
976 1371 1494 1501
977 1275 1284 1416 1424 1465
978 1274 1283 1415 1420 1428 1429 1468
979 1273 1282 1414 1423 1467
980 1272 1281 1413 1422 1470
981 1271 1280 1412 1421 1469
1139 1358 1958
982 1319 1442 1483
983 1318 1439 1485
984 1317 1437 1484
985 1316 1435 1486
1137 1347 1939
986 1340 1357 1451 1453 1480 1482
987 1339 1356 1450 1455 1478
988 1338 1355 1449 1454 1477
989 1337 1354 1448 1457 1476
1138 1348 1944
990 1384 1462
991 1278 1287 1419 1427 1464
992 1277 1286 1418 1426 1463
993 1276 1285 1417 1425 1466
903 1008
1012 1336 1353 1447 1456 1475
1013 1335 1352 1446 1452 1459 1479 1481
1014 1334 1351 1445 1458 1474
1015 1333 1350 1444 1461 1473
1016 1332 1349 1443 1460 1472
1173 1393 1981
1017 1319 1441 1526
1018 1318 1438 1528
1019 1317 1436 1527
1020 1316 1434 1530
1021 1315 1433 1529
1022 1313 1440 1532
1023 1312 1432 1531
1024 1310 1431 1534
1025 1308 1430 1533
1172 1392 1629
1171 1391 1630
1028 1381 1510 1519
1029 1379 1509 1518
1030 1377 1508 1521
1031 1375 1506 1520
1032 1374 1511 1523
1033 1373 1504 1522
1034 1372 1502 1525
1035 1371 1500 1524
934 1179 1554
1007 2147
1058 1222 1223
1129 1330 1608
1006 2146
1060 1225 1555
1127 1328 1606
1005 2145
1059 1224 1556
1125 1326 1604
1004 2144
1062 1227 1557
1123 1324 1602
1003 2288
1061 1226 1558
1121 1322 1600
998 2287
1104 1296 1588
1152 1369 1623
997 2128
1112 1304 1596
1155 1497 1640
996 2127
1102 1294 1586
1154 1496 1641
995 2126
1100 1292 1584
1157 1499 1642
994 2286
1098 1290 1582
1156 1498 1643
1068 1232 1563
1077 1240 1241
1089 1260 1261
1071 1402 1632
1081 1248 1249
1088 1258 1259
1070 1401 1633
1076 1238 1239
1087 1256 1257
1073 1404 1634
1075 1236 1237
1086 1254 1255
1072 1403 1635
1074 1234 1235
1085 1252 1253
1042 1395 3050
1044 1398 3051
945 3347
3409 3434
1176 1548
1002 2133
1114 1306 1598
1149 1365 1366
1001 2132
1110 1302 1594
1151 1368 1620
1000 2131
1108 1300 1592
1150 1367 1621
999 2130
1106 1298 1590
1153 1370 1622
1065 1228 1229
1082 1250 1251
1093 1268 1269
1067 1231 1560
1080 1246 1247
1092 1266 1267
1066 1230 1561
1079 1244 1245
1091 1264 1265
1069 1233 1562
1078 1242 1243
1090 1262 1263
1145 1360 1361
1147 1363 1617
1160 1380 1973
1381 2499
1146 1362 1618
1159 1378 1972
1379 2498
1148 1364 1962
1158 1376 1971
1377 2497
1041 1198 1199
1050 1210 1211
1051 1216 1217
1040 1196 1197
1049 1208 1209
1053 1219 1550
1039 1194 1195
1048 1206 1207
1052 1218 1551
1038 1192 1193
1047 1204 1205
1055 1221 1552
1037 1190 1191
1046 1202 1203
1054 1220 1553
1008 1331 2416 2640
1128 1329 1609
1130 1341 1342
1126 1327 1607
1132 1344 1612
1124 1325 1605
1131 1343 1613
1122 1323 1603
1134 1346 1614
1120 1321 1601
1133 1345 1615
1095 1279 2284
1096 1288 2285
1706 2371 2374 2376 2377 2906
1722 2256 2392 2395 2398 2400 2402 2403
1869 2255 3132
1161 1383 1976
1382 2500
1118 1314 1920
1140 1359 1961
1315 2638
1119 1320 1927
1142 1488 1636
1313 2410
1117 1311 1919
1141 1487 1637
1312 2409
1116 1309 1918
1144 1490 1638
1310 2408
1115 1307 1917
1143 1489 1639
1308 2637
933 1178 1549
1113 1305 1599
1162 1385 1386
1109 1301 1595
1164 1388 1625
1107 1299 1593
1163 1387 1626
1105 1297 1591
1166 1390 1627
1103 1295 1589
1165 1389 1628
1111 1303 1597
1168 1515 1644
1101 1293 1587
1167 1514 1645
1099 1291 1585
1170 1517 1646
1097 1289 1583
1169 1516 1647
1858 2217
1056 1184
1185 1405
1057 1185
1184 1405
1063 1186
1187 1406
1064 1187
1186 1406
953 1229
1559 1666
1010 1342
1611 1776
1135 1188
1189 1471
1136 1189
1188 1471
1026 1361
1616 1816
1027 1366
1619 1820
1036 1386
1624 1841
1182 3188
3211 3261
1183 3189
3212 3262
1175 1214
1177 1215
1178 1217
1549 1660
1179 1223
1554 1663
2275 2609 2610 3372
2010 2275
2290 2660 3278
2292 2664 3279
2011 2275
2014 2290
2018 2292
2289 2657 2658
2291 2661 2662
2012 2275
2015 2290
2019 2292
2021 2289
2024 2291
2276 2659 2663
1400 1859 2812
2013 2275
2016 2290
2020 2292
2022 2289
2025 2291
2026 2276
1200 1536
2326 2952 3093 3094 3095
2609 2706
1201 1536
2706 267
3319 283
1394 1855 1856
1396 1857 1858
3347 3434
2277 2608 3263
2029 2277
3274 3334 3335
2030 2277
2033 3274
3275 3336 3337
2031 2277
2034 3274
2036 3275
3276 3338 3339
2032 2277
2035 3274
2037 3275
2038 3276
3277 3340 3341
1212 1535
2327 2948 3086 3087 3088
2608 2705
1213 1535
2705 264
3401 293
1229 1666
2278 2724
2052 2278
2295 2666 3201
2296 2668 3202
2053 2278
2055 2295
2058 2296
2279 2665 2667
1408 1862 3007
2054 2278
2056 2295
2059 2296
2060 2279
2280 2617 2618 3614
2062 2280
2298 2672 3280
2300 2676 3281
2063 2280
2066 2298
2070 2300
2297 2669 2670
2299 2673 2674
2064 2280
2067 2298
2071 2300
2073 2297
2076 2299
2281 2671 2675
1410 1863 2814
2065 2280
2068 2298
2072 2300
2074 2297
2077 2299
2078 2281
2282 2725
2082 2282
2301 2620 2621
2302 2622 2623
2083 2282
2085 2301
2088 2302
2303 2624 2625
2304 2626 2627
1411 1689 2629
2084 2282
2086 2301
2089 2302
2090 2303
2092 2304
2283 2619 3264
2094 2283
3270 3325 3326
2095 2283
2098 3270
3271 3327 3328
2096 2283
2099 3270
2101 3271
3272 3329 3330
2097 2283
2100 3270
2102 3271
2103 3272
3273 3331 3332
1375 2652
1491 1818 1819
1507 1830 1969
1374 2495
1493 1884 1996
1512 1838 1974
1373 2494
1492 1883 1997
1505 1828 1967
1372 2493
1495 1886 1998
1503 1826 1965
1371 2651
1494 1885 1999
1501 1824 1963
1416 1698 1699
1424 1714 1715
1465 1789 1948
1415 1696 1697
1428 1723 1724
1468 1876 1992
1414 1694 1695
1423 1712 1713
1467 1875 1993
1413 1692 1693
1422 1710 1711
1470 1878 1994
1412 1690 1691
1421 1708 1709
1469 1877 1995
1319 2415
1442 1751 1928
1483 1810 1811
1318 2414
1439 1747 1925
1485 1813 1959
1317 2413
1437 1745 1923
1484 1812 1960
1316 2412
1435 1743 1921
1486 1814 1815
1451 1773 1774
1453 1779 1780
1480 1808 1809
1450 1771 1772
1455 1782 1940
1478 1804 1805
1449 1769 1770
1454 1781 1941
1477 1802 1803
1448 1767 1768
1457 1784 1942
1476 1800 1801
1462 1785 1786
1419 1704 1705
1427 1720 1721
1464 1788 1945
1418 1702 1703
1426 1718 1719
1463 1787 1946
1417 1700 1701
1425 1716 1717
1466 1790 1947
2286 2636
2126 2286
2127 2286
2128 2286
2287 2406
2130 2287
2131 2287
2132 2287
2133 2287
2288 2639 2640
2144 2288
2145 2288
2146 2288
2147 2288
1331 1648
2416 2848 2849 2950 2951 3089 3090 3091 3092
2640 2758
1342 1776
1513 1839 1840
1447 1765 1766
1456 1783 1943
1475 1798 1799
1446 1763 1764
1459 1872 1988
1479 1806 1807
1445 1761 1762
1458 1871 1989
1474 1796 1797
1444 1759 1760
1461 1874 1990
1473 1794 1795
1443 1757 1758
1460 1873 1991
1472 1792 1793
1441 1750 1929
1526 1849 1850
1438 1746 1926
1528 1852 1982
1436 1744 1924
1527 1851 1983
1434 1742 1922
1530 1854 1984
1433 1740 1741
1529 1853 1985
1440 1748 1749
1532 1896 2004
1432 1738 1739
1531 1895 2005
1431 1736 1737
1534 1898 2006
1430 1734 1735
1533 1897 2007
1361 1816
1366 1820
1510 1835 1836
1519 1846 1977
1509 1833 1834
1518 1845 1978
1508 1831 1832
1521 1848 1979
1506 1829 1970
1520 1847 1980
1511 1837 1975
1523 1892 2000
1504 1827 1968
1522 1891 2001
1502 1825 1966
1525 1894 2002
1500 1823 1964
1524 1893 2003
1386 1841
1191 1537
1193 1538
1195 1539
1197 1540
1199 1541
1395 3003
3050 3124
1397 2524
2656 2810
1398 3005
3051 3125
1399 2658
2811 2907
1203 1542
1205 1543
1207 1544
1209 1545
1211 1546
1216 1549
1217 1660
1218 1550
1551 1661
1219 1551
1550 1661
1220 1552
1553 1662
1221 1553
1552 1662
1222 1554
1223 1663
1224 1555
1556 1664
1225 1556
1555 1664
1226 1557
1558 1665
1227 1558
1557 1665
1228 1559
1230 1560
1561 1667
1231 1561
1560 1667
1232 1562
1563 1668
1233 1563
1562 1668
1401 1632
1633 1861
1402 1633
1632 1861
1403 1634
1635 1860
1404 1635
1634 1860
1235 1564
1237 1565
1239 1566
1241 1567
1243 1568
1245 1569
1247 1570
1249 1571
1251 1572
1407 2915
3006 3056
1409 2670
2813 2918
1253 1573
1255 1574
1257 1575
1259 1576
1261 1577
1263 1578
1265 1579
1267 1580
1269 1581
1270 2351
2628 2730
1279 2112
2284 2355
1288 2123
2285 2378
1289 1582
1583 1725
1290 1583
1582 1725
1291 1584
1585 1726
1292 1585
1584 1726
1293 1586
1587 1727
1294 1587
1586 1727
1295 1588
1589 1728
1296 1589
1588 1728
1297 1590
1591 1729
1298 1591
1590 1729
1299 1592
1593 1730
1300 1593
1592 1730
1301 1594
1595 1731
1302 1595
1594 1731
1303 1596
1597 1732
1304 1597
1596 1732
1305 1598
1599 1733
1306 1599
1598 1733
1307 1735
1917 2134
1309 1737
1918 2135
1311 1739
1919 2136
1314 1741
1920 2137
1320 1749
1927 2141
1321 1600
1601 1752
1322 1601
1600 1752
1323 1602
1603 1753
1324 1603
1602 1753
1325 1604
1605 1754
1326 1605
1604 1754
1327 1606
1607 1755
1328 1607
1606 1755
1329 1608
1609 1756
1330 1609
1608 1756
1341 1611
1343 1612
1613 1777
1344 1613
1612 1777
1345 1614
1615 1778
1346 1615
1614 1778
1347 1780
1939 2160
1348 1786
1944 2163
1358 1811
1958 2177
1359 1814
1961 2179
1487 1636
1637 1888
1488 1637
1636 1888
1489 1638
1639 1887
1490 1639
1638 1887
1360 1616
1362 1617
1618 1817
1363 1618
1617 1817
1364 1819
1962 2182
1365 1619
1367 1620
1621 1821
1368 1621
1620 1821
1369 1622
1623 1822
1370 1623
1622 1822
1496 1640
1641 1890
1497 1641
1640 1890
1498 1642
1643 1889
1499 1643
1642 1889
1376 1832
1971 2191
1378 1834
1972 2192
1380 1836
1973 2193
1383 1839
1976 2195
1385 1624
1387 1625
1626 1842
1388 1626
1625 1842
1389 1627
1628 1843
1390 1628
1627 1843
1514 1644
1645 1900
1515 1645
1644 1900
1516 1646
1647 1899
1517 1647
1646 1899
1391 1629
1630 1844
1392 1630
1629 1844
1393 1850
1981 2201
1547 1659
1548 3408
1610 1648
2758 265 266
3288 279
1631 2522
2655 2809
3188 3261
3189 3262
1405 1669 3104
1406 1670 3105
1471 1791 3122
1649 2009 2010 2011 2012 2013 2220 2226
1650 2009 2011 2012 2013 2014 2015 2016 2017 2018 2019 2020 2222 2223
1651 2009 2012 2013 2015 2016 2017 2019 2020 2021 2022 2023 2024 2025 2221 2227
1652 2009 2013 2016 2017 2020 2022 2023 2025 2026 2027 2219 2225
1653 2009 2017 2023 2027 2218 2224
1536 3361
1654 2028 2029 2030 2031 2032 2212
1655 2028 2030 2031 2032 2033 2034 2035 2213 3214
1656 2028 2031 2032 2034 2035 2036 2037 2214 3214 3215
1657 2028 2032 2035 2037 2038 2215 3214 3215 3216
1658 2028 2211 3214 3215 3216 3217
1535 3317
1660 2039 2334 2612
1663 2041 2336 2614
1666 2043 2338 2616
1671 2051 2052 2053 2054 2232 2236
1672 2051 2053 2054 2055 2056 2057 2058 2059 2233 2237
1673 2051 2054 2056 2057 2059 2060 2079 2231 2235
1674 2061 2062 2063 2064 2065 2240 2246
1675 2061 2063 2064 2065 2066 2067 2068 2069 2070 2071 2072 2242 2243
1676 2061 2064 2065 2067 2068 2069 2071 2072 2073 2074 2075 2076 2077 2241 2247
1677 2061 2065 2068 2069 2072 2074 2075 2077 2078 2080 2239 2245
1678 2051 2057 2079 2230 2234
1679 2061 2069 2075 2080 2238 2244
1680 2081 2082 2083 2084 2248 2249
1681 2081 2083 2084 2085 2086 2087 2088 2089 2250 2251
1682 2081 2084 2086 2087 2089 2090 2091 2092 2252 2253
1683 2008 2081 2087 2091 3405
1684 2093 2094 2095 2096 2097 2207
1685 2093 2095 2096 2097 2098 2099 2100 2208 3220
1686 2093 2096 2097 2099 2100 2101 2102 2209 3220 3221
1687 2093 2097 2100 2102 2103 2210 3220 3221 3222
1688 2093 2206 3220 3221 3222 3223
2351 2730
2630 2857 2960 3225
2357 2630
2677 2859 2860
2678 2861 2862
2358 2630
2360 2677
2363 2678
2679 2863 2864
2680 2865 2866
1865 2114 2868
2359 2630
2361 2677
2364 2678
2365 2679
2367 2680
2631 2858 3038
2368 2631
2903 3020 3021
2369 2631
2372 2903
2904 3022 3023
2370 2631
2373 2903
2375 2904
2905 3024 3025
2112 2355
2632 2869 2972 3148
2380 2632
2681 2923 3282
2682 2925 3283
2381 2632
2383 2681
2386 2682
2633 2922 2924
1868 2254 3131
2382 2632
2384 2681
2387 2682
2388 2633
2634 2870 2871 3645
2389 2634
2684 2932 3357
2928 3069 3417
2390 2634
2393 2928
2396 2684
2683 2929 2930
2926 3066 3067
2391 2634
2394 2928
2397 2684
2399 2926
2401 2683
2635 2927 2931
2123 2378
1735 2134
2637 2872 2975 3316
1737 2135
2408 2637
1739 2136
2409 2637
2410 2637
1741 2137
2638 2873 2874
2412 2638
2413 2638
2414 2638
2415 2638
1749 2141
1648 3314
2641 2977
2418 2641
2687 2876 2877
2688 2878 2879
2419 2641
2421 2687
2424 2688
2689 2880 2881
2690 2882 2883
1870 2157 2885
2420 2641
2422 2687
2425 2688
2426 2689
2428 2690
2642 2875 3373
2430 2642
3374 3425 3426
2431 2642
2434 3374
3375 3427 3428
2432 2642
2435 3374
2437 3375
3376 3429 3430
2433 2642
2436 3374
2438 3375
2439 3376
3377 3431 3432
1776 2158 2450 2644
1780 2160
1786 2163
2645 2989
2453 2645
2695 2936 3285
2696 2938 3286
2454 2645
2456 2695
2459 2696
2646 2935 2937
1880 2265 3134
2455 2645
2457 2695
2460 2696
2461 2646
2647 2890 2891 3649
2463 2647
2698 2942 3358
2700 2946 3359
2464 2647
2467 2698
2471 2700
2697 2939 2940
2699 2943 2944
2465 2647
2468 2698
2472 2700
2474 2697
2477 2699
2648 2941 2945
1882 2266 3012
2466 2647
2469 2698
2473 2700
2475 2697
2478 2699
2479 2648
1811 2177
1814 2179
1816 2180 2790 2895
1819 2182
1820 2183 2490 2650
2651 2896 2995 3114
2493 2651
2494 2651
2495 2651
2652 2897 2898
1832 2191
2497 2652
1834 2192
2498 2652
1836 2193
2499 2652
2500 2652
1839 2195
1864 2112 2113
1866 2123 2124
1841 2196 2510 2654
1850 2201
1855 1986
3003 3124
1857 1987
2524 2810
3005 3125
2658 2907
1859 2662
2812 2909
1669 3030
3104 3139
1670 3032
3105 3140
2915 3056
1862 2917
3007 3057
2670 2918
1863 2674
2814 2920
1689 2353
2629 2707
1691 1901
1693 1902
1695 1903
1697 1904
1699 1905
1701 1906
1703 1907
1705 1908
1707 2741
2867 2965
1709 1909
1711 1910
1713 1911
1715 1912
1717 1913
1719 1914
1721 1915
1724 1916
1867 3063
3130 3177
1734 1917
1736 1918
1738 1919
1740 1920
1742 1921
1922 2138
1743 1922
1921 2138
1744 1923
1924 2139
1745 1924
1923 2139
1746 1925
1926 2140
1747 1926
1925 2140
1748 1927
1750 1928
1929 2142
1751 1929
1928 2142
1758 1930
1760 1931
1762 1932
1764 1933
1766 1934
1768 1935
1770 1936
1772 1937
1774 1938
1775 2764
2884 2982
1779 1939
1781 1940
1941 2161
1782 1941
1940 2161
1783 1942
1943 2162
1784 1943
1942 2162
1871 1988
1989 2262
1872 1989
1988 2262
1873 1990
1991 2261
1874 1991
1990 2261
1785 1944
1787 1945
1946 2164
1788 1946
1945 2164
1789 1947
1948 2165
1790 1948
1947 2165
1875 1992
1993 2264
1876 1993
1992 2264
1877 1994
1995 2263
1878 1995
1994 2263
1791 3046
3122 3158
1793 1949
1795 1950
1797 1951
1799 1952
1801 1953
1803 1954
1805 1955
1807 1956
1809 1957
1879 3077
3133 3182
1881 2940
3011 3080
1810 1958
1812 1959
1960 2178
1813 1960
1959 2178
1815 1961
1818 1962
1883 1996
1997 2268
1884 1997
1996 2268
1885 1998
1999 2267
1886 1999
1998 2267
1823 1963
1964 2187
1824 1964
1963 2187
1825 1965
1966 2188
1826 1966
1965 2188
1827 1967
1968 2189
1828 1968
1967 2189
1829 1969
1970 2190
1830 1970
1969 2190
1831 1971
1833 1972
1835 1973
1837 1974
1975 2194
1838 1975
1974 2194
1840 1976
1845 1977
1978 2199
1846 1978
1977 2199
1847 1979
1980 2200
1848 1980
1979 2200
1891 2000
2001 2272
1892 2001
2000 2272
1893 2002
2003 2271
1894 2003
2002 2271
1849 1981
1851 1982
1983 2202
1852 1983
1982 2202
1853 1984
1985 2203
1854 1985
1984 2203
1895 2004
2005 2274
1896 2005
2004 2274
1897 2006
2007 2273
1898 2007
2006 2273
3317 293
3361 283
1659 3346
3408 3433
1661 2040 2334 2611
1662 2045 2046
1664 2042 2336 2613
1665 2047 2048
1667 2044 2338 2615
1668 2049 2050
1725 2125 2126 2127 2128
1726 2125 2127 2128
1727 2125 2128
1728 2129 2130 2131 2132 2133
1729 2129 2131 2132 2133
1730 2129 2132 2133
1731 2129 2133
1732 2125
1733 2129
1752 2143 2144 2145 2146 2147
1753 2143 2145 2146 2147
1754 2143 2146 2147
1755 2143 2147
1756 2143
1777 2159 2450 2643
1778 2166 2167
1817 2181 2790 2894
1821 2184 2490 2649
1822 2185 2186
1842 2197 2510 2653
1843 2204 2205
1844 2198 2804 2900
2522 2809
1861 2229 2293
1860 2228 2294
1888 2260 2307
1887 2259 2308
1890 2258 2305
1889 2257 2306
1900 2270 2309
1899 2269 2310
3314 279
2009 2323 2326 3210
2220 2527 3548
2226 2532 3549
2017 2290
2222 2324 3657
2223 2325 3658
2023 2289
2221 2528 3608
2227 2529 3609
2027 2659
2219 2526 3492
2225 2531 3493
2218 2525 3410
2224 2530 3411
2028 2327 3218
2212 2317 3366
2213 2318 3367
3214 3274
2214 2319 3368
3215 3275
2215 2320 3369
3216 3276
2211 2316 3333
3217 3277
3346 3433
2039 2335 2611
2334 2717
2612 2718
2040 2335 2612
2611 2717
2045 2328 2334
2046 2329 2335
2041 2337 2613
2336 2719
2614 2720
2042 2337 2614
2613 2719
2047 2330 2336
2048 2331 2337
2043 2339 2615
2338 2721
2616 2722
2044 2339 2616
2615 2721
2049 2332 2338
2050 2333 2339
3030 3139
3032 3140
2051 2345 2618
2232 2536 3520
2236 2539 3521
2057 2295
2233 2341 3576
2237 2342 3577
2079 2665
2231 2535 3460
2235 2538 3461
2061 2340 2345
2240 2542 3550
2246 2547 3551
2069 2298
2242 2343 3659
2243 2344 3660
2075 2297
2241 2543 3610
2247 2544 3611
2080 2671
2239 2541 3494
2245 2546 3495
2230 2534 3355
2234 2537 3356
2238 2540 3413
2244 2545 3414
2081 2346 2619
2248 2347 2726
2249 2348 2727
2087 2301
2250 2349 2728
2251 2350 2729
2091 2303
2252 2351 2352
2253 2353 2354
2008 3324
3405 297
2093 2346 3224
2207 2312 3362
2208 2313 3363
3220 3270
2209 2314 3364
3221 3271
2210 2315 3365
3222 3272
2206 2311 3320
3223 3273
2353 2707
2104 2356 2357 2358 2359 2548 2549
2105 2356 2358 2359 2360 2361 2362 2363 2364 2550 2551
2106 2356 2359 2361 2362 2364 2365 2366 2367 2552 2553
2107 2322 2356 2362 2366 3209
2108 2368 2369 2370 2371 2517 2732
2109 2369 2370 2371 2372 2373 2374 2518 2732 2733
2110 2370 2371 2373 2374 2375 2376 2519 2732 2733 2734
2111 2371 2374 2376 2377 2520 2732 2733 2734 2735
2371 2631
2374 2903
2376 2904
2377 2905
2906 3026 3027
2741 2965
2115 2379 2380 2381 2382 2556 2560
2116 2379 2381 2382 2383 2384 2385 2386 2387 2557 2561
2117 2379 2382 2384 2385 2387 2388 2404 2555 2559
2118 2389 2390 2391 2392 2563 2569 2746
2119 2390 2391 2392 2393 2394 2395 2396 2397 2398 2565 2566 2746 2747
2120 2391 2392 2394 2395 2397 2398 2399 2400 2401 2402 2564 2570 2746 2747 2748
2121 2392 2395 2398 2400 2402 2403 2562 2568 2746 2747 2748 2749
2256 2567 3009
2392 2634
2395 2928
2398 2684
2400 2926
2402 2683
2403 2635
2122 2379 2385 2404 2554 2558
2125 2405 2406
2129 2405
2134 2407 2408 2409 2410
2135 2407 2409 2410
2136 2407 2410
2137 2411 2412 2413 2414 2415
2141 2407
2143 2416 3194
2148 2417 2418 2419 2420 2575 2576
2149 2417 2419 2420 2421 2422 2423 2424 2425 2577 2578
2150 2417 2420 2422 2423 2425 2426 2427 2428 2579 2580
2151 2321 2417 2423 2427 3468
2152 2429 2430 2431 2432 2433 2513
2153 2429 2431 2432 2433 2434 2435 2436 2514 3349
2154 2429 2432 2433 2435 2436 2437 2438 2515 3349 3350
2155 2429 2433 2436 2438 2439 2516 3349 3350 3351
2156 2429 2512 3349 3350 3351 3352
2764 2982
2158 2451 2643
2450 2772
2644 2773
2159 2451 2644
2643 2772
2166 2444 2450
2167 2445 2451
2160 2440 2774 2887
2163 2442 2776 2889
3046 3158
2168 2452 2453 2454 2455 2587 2591
2169 2452 2454 2455 2456 2457 2458 2459 2460 2588 2592
2170 2452 2455 2457 2458 2460 2461 2480 2586 2590
2171 2462 2463 2464 2465 2466 2595 2601
2172 2462 2464 2465 2466 2467 2468 2469 2470 2471 2472 2473 2597 2598
2173 2462 2465 2466 2468 2469 2470 2472 2473 2474 2475 2476 2477 2478 2596 2602
2174 2462 2466 2469 2470 2473 2475 2476 2478 2479 2481 2594 2600
2175 2452 2458 2480 2585 2589
2176 2462 2470 2476 2481 2593 2599
2177 2482 2788 2893
2179 2484 2485
2180 2791 2894
2790 2992
2895 2993
2181 2791 2895
2894 2992
2182 2486 2487
2183 2491 2649
2490 2792
2650 2793
2184 2491 2650
2649 2792
2185 2488 2490
2186 2489 2491
2191 2496 2498 2499 2500
2192 2496 2499 2500
2193 2496 2500
2195 2496
2196 2511 2653
2510 2802
2654 2803
2197 2511 2654
2653 2802
2204 2504 2510
2205 2505 2511
2198 2805 2899
2804 2998
2900 2999
2201 2502 2806 2902
2216 2521 2522
2217 2523 2524
2662 2909
2228 2293
2294 2533
2229 2294
2293 2533
2917 3057
2674 2920
2113 2284
2114 2743
2868 2958
2124 2285
3063 3177
2254 3065
3131 3178
2255 3067
3132 3179
2157 2766
2885 2955
3077 3182
2265 3079
3134 3183
2940 3080
2266 2944
3012 3082
2259 2307
2308 2572
2260 2308
2307 2572
2257 2305
2306 2571
2258 2306
2305 2571
2269 2309
2310 2603
2270 2310
2309 2603
2138 2411 2413 2414 2415
2139 2411 2414 2415
2140 2411 2415
2142 2411
2161 2441 2774 2886
2162 2446 2447
2164 2443 2776 2888
2165 2448 2449
2178 2483 2788 2892
2187 2492 2493 2494 2495
2188 2492 2494 2495
2189 2492 2495
2190 2496 2497 2498 2499 2500
2194 2492
2199 2501 2804 2899
2200 2506 2507
2202 2503 2806 2901
2203 2508 2509
2262 2582 2691
2261 2581 2692
2264 2584 2693
2263 2583 2694
2268 2574 2685
2267 2573 2686
2272 2607 2703
2271 2606 2704
2274 2605 2701
2273 2604 2702
3324 297
2323 2853
3210 3260
2659 2908 3126
3218 3263
2335 2718
2337 2720
2339 2722
2328 2611
2329 2612
2330 2613
2331 2614
2332 2615
2333 2616
2345 3093 3094 3095 3107 3108 3109
2618 2724
2340 2854
2665 2914 2915
2671 2919 3128
2346 3086 3087 3088 3117 3118 3119
2619 2725
3224 3264
2356 2731 2858 2959
2548 2737 2961
2549 2738 2962
2362 2677
2550 2739 2963
2551 2740 2964
2366 2679
2552 2741 2742
2553 2743 2744
2322 3138
3209 275
2517 2713 3100
2732 2959 2966
2518 2714 3101
2519 2715 3102
2520 2716 3103
2355 2732 2733 2734 2735 2736 2808
2743 2958
2379 2745 2871 2971
2556 2817 3552
2560 2820 3553
2385 2681
2557 2750 3604
2561 2751 3605
2404 2922
2555 2816 3496
2559 2819 3497
2563 2823 3612
2569 2828 3578
2746 2968 2969 2971
2565 2752 3692
2566 2753 3680
2747 2928
2564 2824 3662
2570 2825 3633
2748 2926
2562 2822 3554
2568 2827 3522
2749 2927
2554 2815 3415
2558 2818 3416
2378 2746 2747 2748 2749 2821 2826
2405 2950 2951 2976 3089 3090 3091 3092 3115 3116
2406 2636
2407 2756 2757 2874
2411 2757 3228
3194 3229
2417 2759 2875
2575 2760 2978
2576 2761 2979
2423 2687
2577 2762 2980
2578 2763 2981
2427 2689
2579 2764 2765
2580 2766 2767
2321 3424
3468 310
2429 2759 3353
2513 2709 3455
2514 2710 3456
3349 3374
2515 2711 3457
3350 3375
2516 2712 3458
3351 3376
2512 2708 3420
3352 3377
2766 2955
2451 2773
2440 2775 2886
2774 2983
2887 2984
2441 2775 2887
2886 2983
2446 2768 2774
2447 2769 2775
2442 2777 2888
2776 2985
2889 2986
2443 2777 2889
2888 2985
2448 2770 2776
2449 2771 2777
2444 2643
2445 2644
2452 2783 2891
2587 2834 3555
2591 2837 3556
2458 2695
2588 2779 3606
2592 2780 3607
2480 2935
2586 2833 3499
2590 2836 3500
2462 2778 2783
2595 2840 3579
2601 2845 3580
2470 2698
2597 2781 3682
2598 2782 3683
2476 2697
2596 2841 3634
2602 2842 3635
2481 2941
2594 2839 3523
2600 2844 3524
2585 2832 3418
2589 2835 3419
2593 2838 3463
2599 2843 3464
2482 2789 2892
2788 2990
2893 2991
2483 2789 2893
2892 2990
2484 2784 2788
2485 2785 2789
2791 2993
2486 2786 2790
2487 2787 2791
2491 2793
2488 2649
2489 2650
2492 2794 2796 2898
2496 2795 2796
2511 2803
2805 2999
2899 2998
2501 2805 2900
2506 2798 2804
2507 2799 2805
2502 2807 2901
2806 3000
2902 3001
2503 2807 2902
2901 3000
2508 2800 2806
2509 2801 2807
2504 2653
2505 2654
2311 3290
3320 280
2312 3326
3362 284
2313 3328
3363 285
2314 3330
3364 286
2315 3332
3365 287
2316 3292
3333 281
2317 3335
3366 288
2318 3337
3367 289
2319 3339
3368 290
2320 3341
3369 291
2521 2655
2523 2656
2525 3379
3410 3436
2526 3470
3492 3501
2527 3526
3548 3561
2528 3592
3608 3621
2324 3637
3657 3665
2325 3639
3658 3666
2530 3381
3411 3437
2531 3472
3493 3502
2532 3528
3549 3562
2529 3594
3609 3622
2534 3298
3355 3382
2535 3439
3460 3473
2536 3504
3520 3529
2341 3558
3576 3581
2537 3300
3356 3383
2538 3441
3461 3474
2539 3506
3521 3530
2342 3560
3577 3582
2540 3385
3413 3442
2541 3476
3494 3507
2542 3532
3550 3563
2543 3596
3610 3623
2343 3641
3659 3667
2344 3643
3660 3668
2545 3387
3414 3443
2546 3478
3495 3508
2547 3534
3551 3564
2544 3598
3611 3624
2347 2621
2726 2850
2348 2623
2727 2855
2349 2625
2728 2851
2350 2627
2729 2856
2352 2628
2354 2629
3065 3178
3067 3179
2567 2930
3009 3070
2581 2691
2692 2830
2582 2692
2691 2830
2583 2693
2694 2831
2584 2694
2693 2831
3079 3183
2944 3082
2573 2685
2686 2829
2574 2686
2685 2829
2606 2703
2704 2847
2607 2704
2703 2847
2604 2701
2702 2846
2605 2702
2701 2846
2610 2853 3260 3371
3372 3412
2663 2910 3127
3263 3317 3345 3346 3347
2724 2952 3142
2667 2916 2917
2617 2854 3613
3614 3632
2675 2921 3129
2725 2948 3156
3264 3321 3322 3323 3324 3348
2636 2848 2849 3155
2639 3229
2657 2811
2660 3238
3278 3295
2661 2812
2664 3240
3279 3296
2533 2723 3106
2666 3172
3201 3241
2668 3174
3202 3242
2669 2813
2672 3244
3280 3301
2673 2814
2676 3246
3281 3302
2620 2726
2621 2850
2622 2727
2623 2855
2624 2728
2625 2851
2626 2729
2627 2856
2571 2754 3112
2572 2755 3191
2603 2797 3123
3290 280
3326 284
3328 285
3330 286
3332 287
3292 281
3335 288
3337 289
3339 290
3341 291
3424 310
3138 275
2853 3028 3343
3637 3665
3639 3666
2952 267
3093 267
3094 267
2948 264
3086 264
3087 264
2717 2911
2718 2911
2719 2912
2720 2912
2721 2913
2722 2913
2854 3035 3615
3558 3581
3560 3582
3641 3667
3643 3668
3107 3142
3108 3142
3117 3156
3118 3156
2730 2852
2707 3404
2808 2956 2957
2731 2967
2858 2960
2959 3088 3119 3121
2821 3008 3498
2826 3010 3462
2745 2970
2871 2972
2971 3095 3109 3111
2922 3062 3063
3089 265
3090 265
3091 266
3092 266
3115 3155
3116 3155
2756 2949
2757 2950 2951 2976 3090 3092 3116
2874 2975
3228 3267
2848 265
2849 266
2759 3087 3088 3118 3119 3120 3121
2875 2977
3353 3373
2775 2984
2777 2986
2768 2886
2769 2887
2770 2888
2771 2889
2772 2934
2773 2934
2783 3094 3095 3108 3109 3110 3111
2891 2989
2778 3047
2935 3076 3077
2941 3081 3204
2789 2991
2784 2892
2785 2893
2786 2894
2787 2895
2792 2933
2793 2933
2794 2974
2796 2950 2951 2976
2898 2995
2807 3001
2798 2899
2799 2900
2800 2901
2801 2902
2802 2947
2803 2947
2708 3407
3420 298
2709 3426
3455 303
2710 3428
3456 304
2711 3430
3457 305
2712 3432
3458 306
2713 3021
3100 268
2714 3023
3101 269
2715 3025
3102 270
2716 3027
3103 271
2809 3002 3003
2810 3004 3005
3379 3436
3470 3501
3526 3561
3592 3621
3594 3622
3381 3437
3472 3502
3528 3562
2723 3034
3106 3141
3298 3382
3439 3473
3504 3529
3300 3383
3441 3474
3506 3530
3385 3442
3476 3507
3532 3563
3596 3623
3598 3624
3387 3443
3478 3508
3534 3564
2737 2860
2961 3017
2738 2862
2962 3036
2739 2864
2963 3018
2740 2866
2964 3037
2742 2867
2744 2868
2815 3389
3415 3444
2816 3480
3496 3509
2817 3536
3552 3565
2750 3584
3604 3617
2818 3391
3416 3445
2819 3482
3497 3510
2820 3538
3553 3566
2751 3586
3605 3618
2822 3540
3554 3567
2823 3600
3612 3625
2824 3653
3662 3675
2752 3688
3692 3698
2753 3670
3680 3689
2930 3070
2827 3513
3522 3541
2828 3569
3578 3601
2825 3627
3633 3654
2754 3042
3112 3149
2755 3151
3191 3226
2760 2877
2978 3013
2761 2879
2979 3043
2762 2881
2980 3014
2763 2883
2981 3044
2765 2884
2767 2885
2832 3396
3418 3449
2833 3487
3499 3514
2834 3543
3555 3570
2779 3588
3606 3619
2835 3398
3419 3450
2836 3489
3500 3515
2837 3545
3556 3571
2780 3590
3607 3620
2838 3452
3463 3490
2839 3517
3523 3546
2840 3573
3579 3602
2841 3629
3634 3655
2781 3672
3682 3690
2782 3674
3683 3691
2843 3454
3464 3491
2844 3519
3524 3547
2845 3575
3580 3603
2842 3631
3635 3656
2797 3049
3123 3164
3260 3318 3319
3371 3412
3613 3632
2850 3321
2855 2953
2851 3322
2856 2954
2857 2967
2960 3087 3118 3120
3225 3265
3038 3135 3136 3137 3138 3144 3145
2869 2970
2972 3094 3108 3110
3148 3232
2924 3064 3065
2870 3039 3040 3644
2927 3068 3284
2931 3071 3203
3155 3194
2872 2949
2975 3089 3091 3115
3316 282
2873 3267
3229 3287 3288
2977 3086 3117 3157
3373 3421 3422 3423 3424 3435
2989 3093 3107 3143
2937 3078 3079
2890 3047 3648
3649 3664
2945 3083 3205
2896 2974
2995 3090 3092 3116
3114 3193
2897 2994
2907 3052 3053
2908 3053
3126 3169
3238 3295
2909 3054 3055
2910 3055
3127 3170
3240 3296
2914 3006
3172 3241
2916 3007
3174 3242
2918 3058 3059
2919 3059
3128 3175
3244 3301
2920 3060 3061
2921 3061
3129 3176
3246 3302
2859 2961
2860 3017
2861 2962
2862 3036
2863 2963
2864 3018
2865 2964
2866 3037
2923 3248
3282 3303
2925 3250
3283 3304
2929 3009
2932 3307
3357 3394
2829 2973 3192
2876 2978
2877 3013
2878 2979
2879 3043
2880 2980
2881 3014
2882 2981
2883 3044
2830 2987 3195
2831 2988 3196
2936 3255
3285 3308
2938 3257
3286 3309
2939 3011
2942 3311
3358 3399
2943 3012
2946 3313
3359 3400
2846 2996 3197
2847 2997 3198
264
267
3404 296
3407 298
3426 303
3428 304
3430 305
3432 306
3021 268
3023 269
3025 270
3027 271
2911 3029 3030
2912 3031 3032
2913 3033 3034
3034 3141
3142 3210 3213
3156 3214 3215 3216 3217 3218 3236
2852 3323
2967 3145
2965 3019
2958 3208
2970 3190
2968 3040
3584 3617
3586 3618
3688 3698
3670 3689
3042 3149
3151 3226
2949 3360
265
266
3120 3157
2982 3015
2955 3467
2934 3045 3046
2983 3074
2984 3074
2985 3075
2986 3075
3047 3163 3650
3588 3619
3590 3620
3672 3690
3674 3691
3110 3143
2990 3072
2991 3072
2992 3073
2993 3073
2933 3041 3042
2974 3154
2994 3113 3114
3049 3164
2947 3048 3049
2998 3085
2999 3085
3000 3084
3001 3084
2957 3016
3002 3050
3004 3051
3389 3444
3480 3509
3536 3565
3391 3445
3482 3510
3538 3566
3008 3484
3498 3511
3540 3567
3600 3625
3653 3675
3627 3654
3010 3448
3462 3485
3513 3541
3569 3601
2973 3153
3192 3227
2987 3160
3195 3230
2988 3162
3196 3231
3396 3449
3487 3514
3543 3570
3398 3450
3489 3515
3545 3571
3452 3490
3517 3546
3573 3602
3629 3655
3631 3656
3454 3491
3519 3547
3575 3603
2996 3166
3197 3233
2997 3168
3198 3234
3321 294
3322 295
3323 296
3028 3344
3343 3412
3035 3616
3615 3632
2953 3402
2954 3403
3017 3135
3036 3098
3018 3136
3037 3099
3039 3146 3148
3040 3147 3646
3267 3315 3316
3013 3421
3043 3096
3014 3422
3044 3097
3648 3664
3020 3100
3022 3101
3024 3102
3026 3103
3052 3126
3053 3169
3054 3127
3055 3170
3029 3104
3031 3105
3033 3106
3056 3171 3172
3057 3173 3174
3058 3128
3059 3175
3060 3129
3061 3176
3062 3130
3248 3303
3064 3131
3250 3304
3066 3132
3068 3252
3284 3305
3069 3393
3417 3446
3070 3180 3181
3071 3181
3203 3253
3307 3394
3041 3112
3045 3122
3076 3133
3255 3308
3078 3134
3257 3309
3080 3184 3185
3081 3185
3204 3258
3311 3399
3082 3186 3187
3083 3187
3205 3259
3313 3400
3048 3123
3360 282
3402 294
3403 295
3467 309
263
3208 274
3019 3137
3145 3265
3190 3232
3153 3227
3154 3193
3157 3220 3221 3222 3223 3224 3235
3015 3423
3074 3159 3160
3075 3161 3162
3160 3230
3162 3231
3143 3219 3615 3616 3679
3072 3150 3151
3073 3152 3153
3113 3154
3166 3233
3168 3234
3085 3167 3168
3084 3165 3166
3124 3188 3199
3125 3189 3200
3484 3511
3448 3485
3421 307
3422 308
3423 309
3135 272
3136 273
3137 274
268
269
270
271
3344 3412
3139 3268
3140 3266
3141 3268
3616 3632
3098 3206
3099 3207
3144 3206 3207 3208 3209 3225
3146 3190
3147 3647
3149 3266
3096 3465
3097 3466
3158 3269
3163 3651
3650 3664
3164 3269
3169 3237 3238
3170 3239 3240
3171 3201
3173 3202
3175 3243 3244
3176 3245 3246
3177 3247 3248
3178 3249 3250
3179 3251 3252
3252 3305
3393 3446
3180 3203
3181 3253
3150 3191
3152 3192
3159 3195
3161 3196
3182 3254 3255
3183 3256 3257
3184 3204
3185 3258
3186 3205
3187 3259
3165 3197
3167 3198
3465 307
3466 308
3206 272
3207 273
3193 3228
3199 3211
3200 3212
272
273
274
275
3268 276 3342
3266 278 3342
3213 3293 3343 3344 3677
3219 3613 3614 3686
3679 3697
3265 3349 3350 3351 3352 3353 3354
3232 3294 3650 3651 3695
3226 3266
3227 3266
3236 3291 3292
3235 3289 3290
3269 277 3342
3230 3268
3231 3268
3651 3664
3233 3269
3234 3269
3237 3278
3239 3279
3241 3297 3298
3242 3299 3300
3243 3280
3245 3281
3247 3282
3249 3283
3251 3284
3253 3306 3307
3254 3285
3256 3286
3258 3310 3311
3259 3312 3313
3261 3344 3372
3262 3343 3371
3293 3371 3372 3685
3677 3696
3686 3697
3287 3314
3294 3648 3649 3700
3695 3706
3289 3320
3291 3333
3295 3378 3379
3296 3380 3381
3297 3355
3299 3356
3301 3384 3385
3302 3386 3387
3303 3388 3389
3304 3390 3391
3305 3392 3393
3306 3357
3308 3395 3396
3309 3397 3398
3310 3358
3312 3359
3318 3361
3345 3401 3408 3409
3348 3402 3403 3404 3405
3354 3406 3407
278
3342 3370
3315 3360
276
277
3325 3362
3327 3363
3329 3364
3331 3365
3334 3366
3336 3367
3338 3368
3340 3369
279
280
281
3685 3696
3700 3706
3378 3410
3380 3411
3382 3438 3439
3383 3440 3441
3384 3413
3386 3414
3388 3415
3390 3416
3392 3417
3394 3447 3448
3395 3418
3397 3419
3399 3451 3452
3400 3453 3454
282
293
283
294
295
296
297
284
285
286
287
288
289
290
291
3412 3459 3708
3433 299 300
3434 301 302
3406 3420
292
3435 3465 3466 3467 3468
3425 3455
3427 3456
3429 3457
3431 3458
3436 3469 3470
3437 3471 3472
3438 3460
3440 3461
3442 3475 3476
3443 3477 3478
3444 3479 3480
3445 3481 3482
3446 3483 3484
3447 3462
3449 3486 3487
3450 3488 3489
3451 3463
3453 3464
298
3459 3702
3708 3711
307
308
309
310
303
304
305
306
299
300
301
302
3469 3492
3471 3493
3473 3503 3504
3474 3505 3506
3475 3494
3477 3495
3479 3496
3481 3497
3483 3498
3485 3512 3513
3486 3499
3488 3500
3490 3516 3517
3491 3518 3519
3702 3711
3501 3525 3526
3502 3527 3528
3503 3520
3505 3521
3507 3531 3532
3508 3533 3534
3509 3535 3536
3510 3537 3538
3511 3539 3540
3512 3522
3514 3542 3543
3515 3544 3545
3516 3523
3518 3524
3525 3548
3527 3549
3529 3557 3558
3530 3559 3560
3531 3550
3533 3551
3535 3552
3537 3553
3539 3554
3541 3568 3569
3542 3555
3544 3556
3546 3572 3573
3547 3574 3575
3561 3591 3592
3562 3593 3594
3557 3576
3559 3577
3563 3595 3596
3564 3597 3598
3565 3583 3584
3566 3585 3586
3567 3599 3600
3568 3578
3570 3587 3588
3571 3589 3590
3572 3579
3574 3580
3581 3614 3616
3582 3613 3615
3591 3608
3593 3609
3595 3610
3597 3611
3583 3604
3585 3605
3599 3612
3601 3626 3627
3587 3606
3589 3607
3602 3628 3629
3603 3630 3631
3617 3645 3647
3618 3644 3646
3619 3649 3651
3620 3648 3650
3621 3636 3637
3622 3638 3639
3623 3640 3641
3624 3642 3643
3625 3652 3653
3626 3633
3628 3634
3630 3635
3632 3661 3707
3636 3657
3638 3658
3640 3659
3642 3660
3652 3662
3654 3669 3670
3655 3671 3672
3656 3673 3674
3661 3701
3707 3710
3665 3677
3666 3676
3667 3679
3668 3678
3663 3681 3718
3664 3684 3714
3675 3687 3688
3669 3680
3671 3682
3673 3683
3701 3710
3681 3715
3718 3719
3684 3712
3714 3717
3676 3685
3678 3686
3689 3693
3690 3695
3691 3694
3687 3692
3696 3702 3703
3697 3701 3704
3715 3719
3712 3717
3698 3705
3693 3699
3694 3700
3706 3712 3713
3703 3708
3704 3707
3709 3715 3716
3710 311
3711 312
3713 3714
3716 3718
311
312
3717 313
3719
313
3720 314
314
