#adjlist.py
# GMT Tue May 17 12:03:42 2022
# 
1 87 88 90 91 92 208
87 140
88 142 165
90 143 144
91 145
92 146 147 148
208 227 229 231 233
2 87 91 92 114
114 249
3 87 88 92
4 87 88 91 117 120 121 190 193
117 251
120 160
121 160
190 201 203 205 207
193 208
5 88 90
6 89 94 96 97 98 99
89 141 142
94 147
96 190 191
97 61
98 62
99 63
7 89 98 99 102 103
102 151
103 152
8 89 93 97 99 101 103 120 121
93 146
101 150
9 90 91 116
116 250
10 92 189 191
189 200 202 204 206
191 209 210 211 212
11 93 95 100 101 102 103 119 192
95 148
100 149
119 189 193
192 199
12 93 94 95
13 93
14 168
168 186
15 95
16 96 97 100 101
17 96 98 100 102
18 104
104 64
19 104
20 105 86
105 153 154
86
21 105
22 153
153 171
23 154
154 70
24 106 107 130 219
106 155
107 155
130 431
219 249
25 106 107 131 221
131 432
221 250
26 108 109 132 223
108 156
109 156
132 417
223 251
27 108 109 133 225
133 398
225 252
28 110 111 134 228
110 157
111 157
134 399
228 253
29 110 111 136 230
136 400
230 254
30 112 113 138 232
112 158
113 158
138 384
232 255
31 112 113 234
234 256
32 215 216 235 236
215 247
216 247
235 257
236 257
33 217 218
217 248
218 248
34 114 116 117 118
118 252
35 200 227
200 220
227 253
36 202 229
202 222
229 254
37 204 231
204 224
231 255
38 118
39 206 233
206 226
233 256
40 119 192
41 122 123 239 275 276
122 161
123 161
239 303
275 301 302
276 302 413
42 122 123 240 278 279
240 306
278 304 305
279 305 358 359 393
43 124 125 241 281 282
124 162
125 162
241 309
281 307 308
282 308 357 359 392 393
44 124 125 242 284 285
242 312
284 310 311
285 311 391 392 393
45 126 127 243 287 288
126 163
127 163
243 315
287 313 314
288 314 379
46 126 127 244 290 291
244 410
290 316 317
291 317 327 355 356
47 128 129 245 293 294
128 164
129 164
245 411
293 319 320
294 320 326 327 354 356
48 128 129 246 296 297
246 390
296 322 323
297 323 325 326 327
49 237 238
237 258
238 258
50 130 131 132 133 134 136 138 185
185 430
51 378 387 388 389 408 422 423 424
378 384
387 398
388 399
389 400
408 417
422 430
423 431
424 432
52 329 332 335 338 341 344 347 352
329 360
332 361
335 362
338 363
341 365
344 367
347 369
352 371
53 330 333 336 339 342 345 348 353
330 360
333 361
336 362
339 363
342 365
345 367
348 369
353 371
54 277 280 283 286 289 292 295 298
277 303
280 306
283 309
286 312
289 315
292 318
295 321
298 324
55 135 137 139
135 318
137 321
139 324
56 135
57 137
58 325 326 327 350 351
325 368
326 366
327 364
350 370
351 370
59 139
60 115
115 159 201 203 205 207
140 65
142 66
165 71
141 165
143 166
144 167
145 178
146 168
147 169
148 170
61
62
63
149 67
150 178
151 68
152 69
64
155 172 174
156 173 174
157 175 177
158 176 177
249 262
159 185 209 210 211 212
201 220
203 222
205 224
207 226
250 263
251 264
252 265
160 192
161 179 181
162 180 181
163 182 184
164 183 184
431 435
432 436
417 425
398 409
399 410
318 410
400 411
321 411
384 390
324 390
65
66
166 189 190 191 192 193
167 72
178 199
169 73
170 74
67
68
69
171 75
70
172 187
174 197
173 187
175 188
177 198
176 188
209 266
210 267
211 268
212 269
179 194
181 213
180 194
182 195
184 214
183 195
71
72
186 196
73
74
75
187 197
197 215 216
188 198
198 217 218
199 219 221 223 225 228 230 232 234
194 213
213 235 236
195 214
214 237 238
430 434
196 239 240 241 242 243 244 245 246
220 262
222 263
224 264
226 265
266 287 288 289
267 290 291 292
268 293 294 295
269 296 297 298
247 259 261
248 260 261
262 275 276 277
263 278 279 280
264 281 282 283
265 284 285 286
253 266
254 267
255 268
256 269
257 270 272
258 271 272
303 434
306 435
309 436
312 425
315 409
410 419
411 420
390 401
259 273
261 299
260 273
270 274
272 300
271 274
273 299
299 76
274 300
300 77
301 328 330
302 329 402 403
413 421
304 331 333
305 332 404 405
358 394
359 394
393 394
307 334 336 358
308 335 406 407
357 395
392 395
310 337 339 357 359
311 338 385 386
391 396
313 340 342
314 341 372 373
379 380
316 343 345
317 344 374 375
355 364
356 364
319 346 348 355
320 347 376 377
354 366
322 349 353 354 356
323 350 351 352
76
77
328 421
402 414
403 414
434 438
331 394
404 415
405 415
435 439
334 395
406 416
407 416
436 440
337 396
385 397
386 397
425 433
340 380
372 381
373 381
409 418
343 364
374 382
375 382
346 366
376 383
377 383
349 368
368 376 377
366 374 375
364 372 373 379
421 429
360 434
394 402 403 413
361 435
395 404 405
362 436
396 406 407
363 425
380 385 386 391 392 393
365 409
367 410
369 411
370 378
371 390
381 387
382 388
383 389
397 408
401 412
412 78
414 422
415 423
416 424
418 426
419 427
420 428
78
426 79
427 80
428 81
429 82
433 437
79
80
81
82
437 83
438 441
439 442
440 443
83
441 84
442 85
443
84
85
