#adjlist.py
# GMT Tue May 17 12:03:42 2022
# 
1 64 316 388 422 449 89 446 536 376 267
64 170 287 511 137
316 448
388 528
422 38
449 26
89 88 479
446 445 497
536 435
376 375
267 266 48 341
2 65 168 286 287 273 527 91 94 557 241 290 123
65 375 494 496 195 423 133 399
168 169
286 58
287 448
273 272
527 249
91 90 477
94 93 233
557 558
241 240 430
290 288 189
123 122 296
3 66 330 333 373 386 395 420 447 496 89 406 96 126 542 186 241
66 117 359 384 495 498 514 121 537 290 368
330 372
333 410
373 63
386 236
395 243
420 17
447 23
496 450
406 405 478 527
96 95 275 519
126 125 292
542 558
186 185 401 36
4 67 266 338 476 91 446 412 98 121 534 162 173 137 385
67 92 269 293 299 416 500 510 126 295 551 193 123
266 394
338 58
476 543
412 411 289
98 97 480 274 133
121 120 294 512 521 530 292 167
534 387
162 161 163
173 172 361 230
137 136
385 384 424
5 68 70 332 408 480 481 412 406 94 102 274 135 553 267 535 423 227
68 69
70 479 271 140 509 552
332 374
408 18
480 317
481 177
102 101 368 324
274 272 292
135 134 164 270 284 285 393 499 512
553 450
535 534
423 422
227 226 454
6 71 318 437 476 477 518 529 96 98 271 535 300 370 361 44
71 99 379 395 273 501 520 526 135 177 550 324 204
318 524
437 18
477 317
518 398
529 421
271 270 289
300 299
370 369 544
361 359 365
44 43
7 72 265 282 291 328 351 371 119 478 484 493 515 102 441 151 460 279
72 103 268 280 481 487 499 508 513 525 310 140 363 542 550 167
265 354
282 56
291 524
328 52
351 443
371 403
119 118 346
478 321
484 46
493 315
515 42
441 440 482
151 150 46
460 459 532
279 278 327
8 73 280 314 486 491 503 107 310 148 506 533 300 337 114
73 268 380 483 142 277
280 344
314 354
486 303
491 34
503 197
107 106 108 282 488 522 279
310 308 546
148 147 305
506 505 303
533 261 210
337 335 349 547
114 113 297
9 74 276 353 358 455 515 105 311 461 142 184 337 549
74 281 296 146 485 516 144 148
276 342
353 52
358 383
455 471
105 104 486 487 506
311 308
461 459
142 141 307 502 517
184 183 329
549 548 348
10 75 158 278 297 302 488 490 441 112 157 309
75 304 483 484 485 489 503 504 151 179 340
158 547
278 443
297 559
302 20
488 554
490 32
112 111 505
157 156 280
309 308 550
11 76 492 105 107 144 539 116 277 329
76 109 283 489 507 157 32 348
492 313
144 143 503 298
539 336 350
116 115 544
277 276 48 179
329 328 355
12 77 341 343 345 482 112 534 364 555 114 116
77 490 491 492 361 323
341 528
343 56
345 559
482 315
364 362
555 378
13 78 531 160 223 40 425
78 413 468 470 472 252 431
531 61
160 159 400 402 420 432
223 222 389
40 39
425 424 426 428
14 79 404 391 414 407 431 436
79 392 162 160 254
404 473
391 390
414 413 238
407 405 408 409 411
431 430 561
436 434 437 439 440 442 444 445 447 449 460
29 87
87 536
30 29
31 80 81 119 310
80 493
81 502
32 31
33 265 146 311
146 145 298
34 33
35 392 221
392 390
221 220 223
36 35
37 83
83 162
38 37
39 302 326 377 461 538
326 54
377 21
538 25
41 534
42 41
43 363
363 362
45 276 462
462 263
46 45
47 301 462
301 465
48 47
49 408
50 49
51 82
82 439
52 51
53 15
15
54 53
55 84
84 444
56 55
57 85
85 404
58 57
59 86
86 269
60 59
61 24
24
62 247
247 246 252
63 62
170 171
511 510 438
375 63
494 540
195 194 357
133 132 366
399 397 400
117 474
359 236
384 236
495 543
498 50
514 193
537 543 50
368 366
92 496
269 427
293 524
299 342
416 473
500 319
510 435
295 294 334 398
551 438
193 192 523
69 331
331 330
479 540
140 139 319 370
509 508 450
552 401
99 100
379 394
501 321
520 401
526 421
177 176 189
550 350
324 322 539 364
204 203 556
103 325 451 468
268 63
487 305
499 321
508 357
513 334
525 42
167 166 285 286
380 396
483 181
281 352
296 383
485 538
516 197
304 344
489 313
504 546
179 178 200 515 516 323
340 339
109 110
283 63
507 34
348 347
323 322 382
413 16
468 263
470 475
472 26
252 251 422
254 253 256
502 210
439 19
444 21
88 494
90 320 495 509
320 58
93 128 445 497 526 511
128 129
445 22
497 438
233 232 234
95 411
411 22
275 403
519 36
97 130 152 276 405 498 537 219
130 131
152 153
405 17
219 218 387
100 541
541 552
101 275 500 501 173 295 219
325 456
451 473
104 504 181
181 180 339
106 154
154 155
108 440 538 202
522 210
440 54
202 201 347 367
110 545
545 340
111 281 282 507 184 539 191
191 190 339
505 378
113 549
115 309
544 336
474 28
118 283
346 345
120 284
284 30
294 520
512 376
521 36
530 249
292 291
122 124
124 374
374 373
125 127
127 541
129 542
131 372
372 371
132 463
463 462 464
366 243
134 293 327 457 523 186
327 214
457 469
523 376
164 165
270 513
285 410
393 559
136 138
138 374
139 174 296
174 175
319 318
141 306 312
306 360
312 352
307 352
517 554
143 299 191
298 297
145 546
546 346
147 149
149 545
305 304
150 299 301
153 456
456 455
155 465
465 464 54
156 182 306 307 517 533 548
182 200
548 367 204
547 346
159 419
419 418 560
400 22
402 19
432 18
161 22
22
163 17
17
165 398
398 397
166 518
169 331
171 187
187 332
172 415 519 195 556
415 467
556 387
230 229 458
175 417
417 416
176 521
189 188 558
178 325
200 199
180 326
339 532
183 327 522 202
185 389
389 38
401 400
188 338
558 391 225
190 356 466
356 381
466 473
192 206
206 207
194 355
355 381
357 356 358
196 525
197 196 198 360 364
198 208
360 359
208 216 217
199 365 457
365 427
201 369 219
369 60
347 44
367 366
203 205
205 453
453 451
207 211
211 212
216 227
217 230
209 40
210 209 221 225
225 224 526 527 399 233
212 379
213 215
215 429
214 213
429 428
218 388
387 386
220 414
222 407
224 402 404 419
226 228
228 453
454 469
229 231
231 429
458 471
232 529
234 530
235 413
236 235 238
238 237 239 531
237 452
452 451 454 455
239 245 415 416
245 425
240 561
561 61 463
430 16
242 254
243 242 244 560
244 418
560 61
418 16
246 431
248 250
250 433
249 248
433 432
251 436
253 255
255 452
256 257
257 258 457 458
258 259
259 467
467 466
261 260 25
260
25
262 264
264 27
263 262
27
354 353
394 393
427 426
289 288
272 373 514 317
317 316
403 402
342 341
443 442
344 343
352 351
410 409
448 447
288 30
524 557
334 333
383 382
559 247
20
303 302
308 559
313 312
315 314
321 320
322 417
382 396
335 214
336 335
349 60
532 25
528 241
350 349
381 380
362 385
21
378 377
396 395
424 23
390 40
397 433
19
473 472
409 19
18
16
421 420
23
426 27
428 28
28
434 17
435 434
442 20
438 437
26
450 449
469 468
471 470
459 261
464 475
475 474
543 553
540 551
554 555
