#adjlist.py
# GMT Tue May 17 12:03:42 2022
# 
1 176 218 276 328 357 393 129 321 427 424 527 275
176 326 508 511 418
218 38
276 441
328 331
357 24
393 397
129 128 466
321 320 470
427 426
424 423
527 206
275 273 428 48
2 177 245 266 326 341 196 453 477 69 415 537 123 181 339 251 387
177 423 465 502 107 212 219 170
245 349
266 290
326 331
341 58
196 195
453 209
477 264
69 68 495
415 414
537 536
123 122 136
181 180 410
339 338 361 390
251 250 416
387 385 109
3 178 200 231 258 263 287 330 348 419 502 129 85 203 101 474 538 181 152
178 228 233 425 450 464 501 88 517 377 262 387
200 16
231 194
258 161
263 268
287 293
330 23
348 360
419 63
502 358
85 84 266 459
203 202 453 497
101 100 325 36
474 473 215
538 536
152 151 340 355
4 179 338 344 428 476 500 69 321 81 323 88 92 530 132 234 418
179 213 269 355 374 401 462 510 507 199 503 474 522 351 251
338 353
344 58
428 440
476 264
500 516
81 80 391 230
323 322 386
88 87 198 454 460 505 215 168
92 91 496 197 539 170
530 232
132 131 146
234 233 332
418 417 425
5 182 235 336 414 461 476 496 67 79 323 203 197 518 123 275 335 219 381
182 426 466 327 140 105 479 520
235 17
336 350
414 420
461 148
496 329
67 66 262 346 383
79 78 285 286 384 417 439 458 498 505
197 195 215
518 358
335 334 363
219 218 265
381 380 530
6 183 208 216 236 448 457 463 495 500 85 140 92 503 270 163 230 381 369 44
183 258 416 429 444 447 196 475 499 148 79 513 346 337
208 239
216 442
236 17
448 201
457 211
463 538
495 329
140 139 285 386
503 502 327
270 269 352
163 162 173
230 228 373
369 368 515
44 43
7 184 214 267 281 284 305 314 103 468 475 480 482 497 67 297 225 121 304
184 311 421 445 461 469 473 478 490 498 433 105 241 538 513 351 168
214 442
267 290
281 283
284 52
305 310
314 56
103 102 438
468 42
475 539
480 46
482 280
497 343
297 296 481
225 224 443
121 120 46
304 303 398
8 185 279 311 452 471 489 433 446 494 485 125 270 156 372
185 253 421 467 83 278 272
279 283
311 316
452 34
471 154
489 308
433 431 528
446 134 150
494 493 308
485 484 313
125 124 314 456 491 304 383
156 155 435
372 370 399 529
9 186 252 271 282 345 388 468 71 75 83 434 226 372 533
186 250 299 117 472 483 115 485 365 362
252 256
271 274
282 52
345 356
388 395
71 70 249
75 74 489 490 512 494
83 82 302 455 492
434 431
226 224
533 523 244
10 187 303 307 435 449 491 65 77 297 526 432
187 312 467 471 480 483 487 509 119 121 295 383
303 310
307 21
435 540
449 32
491 524
65 64 311
77 76 493
526 529
432 431 513
11 188 488 75 115 514 125 272 249 142
188 422 451 486 487 512 65 244 32
488 301
115 114 471 436
514 371 400
272 271 48 119
249 248 284
142 141 515
12 189 273 315 334 403 437 481 486 77 242 530 525 156 142
189 449 452 484 488 377 230 257
273 441
315 56
334 350
403 407
437 540
481 280
486 519
242 240
525 319
13 190 504 333 175 144 40
190 359 366 394 408 138 411
504 61
333 332 378 406
175 174 200 238 289 324
144 143 220
40 39
14 191 354 222 207 204 411 409
191 223 132 175 166
354 360
222 221
207 205 236 291 296 309 317 320 330 357 225
204 202 235 292 322
411 410 532
409 408 99
29 86
86 527
30 29
31 130 145 103 433
130 482
145 455
32 31
33 281 117 434
117 116 436
34 33
35 159 223
159 158 144
223 221
36 35
37 93
93 132
38 37
39 298 307 318 534 226
298 54
318 22
534 19
41 530
42 41
43 347 241
347 356
241 240
45 271 364
364 376
46 45
47 364 392
392 397
48 47
49 235
50 49
51 89
89 291
52 51
53 20
20
54 53
55 90
90 317
56 55
57 73
73 354
58 57
59 72
72 374
60 59
61 27
27
62 172 63
172 171 138
63 62
64 227 302 492 446 523 278
227 229
302 306
492 524
523 261 337
278 277
66 266 462 499 81 113 199
462 217
499 343
113 112 232
199 198 211 288
262 260 338
346 345 514 242
383 382 393
68 342 501 479
342 58
501 516
479 478 358
70 398 456 111
398 402
456 150
111 110 243 261
374 379
74 509 95
509 528
95 94 294
490 313
512 526
76 299 314 451 71 97 514
299 306
451 34
97 96 294
493 319
78 213 361 398 477 506 508 101
213 442
361 367
506 424
508 415
285 445
286 293
384 30
417 420
439 540
458 211
498 343
505 424
80 340 459 107 531
340 353
459 36
107 106 247
531 232
391 390 403
82 227 300
300 306
455 150
84 322
322 15
87 384 458
198 444
454 209
460 36
215 214
168 167 286 341
291 18
317 22
91 202 265 271 382 414 464 113 517
202 16
265 268
382 389
464 50
517 516 50
539 520
170 169 260
94 298
294 443
96 246 352
246 254
352 360
98 349
349 348 363 388
99 98 504 152
100 220
220 38
325 324
102 422
422 63
438 437
104 250 347
250 256
105 104 217 369
217 216
106 248
248 254
247 246 252
108 344
109 108 536
536 222 127
110 368 113
368 60
243 44
261 260
112 276
232 231
114 269 97
269 274
436 435
116 528
528 438
118 380
380 389
119 118 277 468 472 257
277 362
472 154
257 255 345
120 269 392
122 320 447 463 470 511
320 15
447 201
470 237
511 510 237
136 135 157
124 296 111 534
296 54
126 289 354 413 166
289 18
413 412 535
166 165 245
127 126 447 453 212 136
212 210 324
128 465
465 521
466 521
131 15
15
146 16
133 54
134 133 19
19
135 448
157 454
137 207
138 137 218
139 505
386 385
141 432
515 400
143 204
16
147 460
148 147 109
149 40
150 149 159 127
151 333
355 360
153 469
469 42
154 153 164 229 242
164 163
229 228
155 533
158 409
160 166
161 160 192 535
192 412
535 61
162 335
173 391
165 339
167 457
169 365
365 364 396
260 161
171 411
174 413
238 17
324 15
423
228 194
233 194
425 430
450 507
377 375 404
401 407
510 206
507 506 427
522 237
351 348 366 380
180 532
532 61 365
410 28
426 430
327 326
520 325
416 420
429 440
444 325
513 371
337 336 531
421 63
445 288
473 539
478 247
253 259
467 95
483 534
362 361 373
312 316
487 301
295 294
244 243
484 519
359 24
366 376
394 405
408 28
412 28
193 408
194 193 99
195 419 450 329
329 328
211 210
288 287
201 200
292 18
205 16
206 205
309 21
239 238
209 208
210 239
442 537
221 40
224 134
443 19
373 379
332 23
17
237 236
240 234
254 253
256 255
259 258
255 259
268 267
264 263
290 289
274 273
441 181
283 282
280 279
293 292
18
306 305
301 300
310 309
21
308 307
316 315
313 312
22
319 318
331 330
23
378 25
406 26
350 348
363 367
353 352
390 395
343 342
356 355
360 359
24
358 357
367 366
376 375
396 405
370 60
371 370
399 402
529 438
379 378
375 25
25
404 26
389 388
385 30
395 394
397 396
405 404
402 401
400 399
407 406
26
28
420 419
430 429
440 439
431 540
540 172
521 522
519 295
524 525
516 518
