#adjlist.py
# GMT Tue May 17 12:03:42 2022
# 
4 179 221 279 331 360 396 132 324 430 427 530 278
179 329 511 514 421
221 53
279 444
331 334
360 45
396 400
132 131 469
324 323 473
430 429
427 426
530 209
278 276 431 58
5 180 248 269 329 344 199 456 480 72 418 540 126 184 342 254 390
180 426 468 505 110 215 222 173
248 352
269 293
329 334
344 63
199 198
456 212
480 267
72 71 498
418 417
540 539
126 125 139
184 183 413
342 341 364 393
254 253 419
390 388 112
6 181 203 234 261 266 290 333 351 422 505 132 88 206 104 477 541 184 155
181 231 236 428 453 467 504 91 520 380 265 390
203 37
234 197
261 164
266 271
290 296
333 44
351 363
422 66
505 361
88 87 269 462
206 205 456 500
104 103 328 52
477 476 218
541 539
155 154 343 358
7 182 341 347 431 479 503 72 324 84 326 91 95 533 135 237 421
182 216 272 358 377 404 465 513 510 202 506 477 525 354 254
341 356
347 63
431 443
479 267
503 519
84 83 394 233
326 325 389
91 90 201 457 463 508 218 171
95 94 499 200 542 173
533 235
135 134 149
237 236 335
421 420 428
8 185 238 339 417 464 479 499 70 82 326 206 200 521 126 278 338 222 384
185 429 469 330 143 108 482 523
238 38
339 353
417 423
464 151
499 332
70 69 265 349 386
82 81 288 289 387 420 442 461 501 508
200 198 218
521 361
338 337 366
222 221 268
384 383 533
9 186 211 219 239 451 460 466 498 503 88 143 95 506 273 166 233 384 372 56
186 261 419 432 447 450 199 478 502 151 82 516 349 340
211 242
219 445
239 38
451 204
460 214
466 541
498 332
143 142 288 389
506 505 330
273 272 355
166 165 176
233 231 376
372 371 518
56
10 187 217 270 284 287 308 317 106 471 478 483 485 500 70 300 228 124 307
187 314 424 448 464 472 476 481 493 501 436 108 244 541 516 354 171
217 445
270 293
284 286
287 60
308 313
317 62
106 105 441
471 55
478 542
483 57
485 283
500 346
300 299 484
228 227 446
124 123 57
307 306 401
11 188 282 314 455 474 492 436 449 497 488 128 273 159 375
188 256 424 470 86 281 275
282 286
314 319
455 51
474 157
492 311
436 434 531
449 137 153
497 496 311
488 487 316
128 127 317 459 494 307 386
159 158 438
375 373 402 532
12 189 255 274 285 348 391 471 74 78 86 437 229 375 536
189 253 302 120 475 486 118 488 368 365
255 259
274 277
285 60
348 359
391 398
74 73 252
78 77 492 493 515 497
86 85 305 458 495
437 434
229 227
536 526 247
13 190 306 310 438 452 494 68 80 300 529 435
190 315 470 474 483 486 490 512 122 124 298 386
306 313
310 42
438 543
452 50
494 527
68 67 314
80 79 496
529 532
435 434 516
14 191 491 78 118 517 128 275 252 145
191 425 454 489 490 515 68 247 50
491 304
118 117 474 439
517 374 403
275 274 58 122
252 251 287
145 144 518
15 192 276 318 337 406 440 484 489 80 245 533 528 159 145
192 452 455 487 491 380 233 260
276 444
318 62
337 353
406 410
440 543
484 283
489 522
245 243
528 322
16 193 507 336 178 147 54
193 362 369 397 411 141 414
507 65
336 335 381 409
178 177 203 241 292 327
147 146 223
54
17 194 357 225 210 207 414 412
194 226 135 178 169
357 363
225 224
210 208 239 294 299 312 320 323 333 360 228
207 205 238 295 325
414 413 535
412 411 102
18 89
89 530
19 133 148 106 436
133 485
148 458
20 284 120 437
120 119 439
21 162 226
162 161 147
226 224
22 96
96 135
23 301 310 321 537 229
301 61
321 43
537 40
24 533
25 350 244
350 359
244 243
26 274 367
367 379
27 367 395
395 400
28 238
29 92
92 294
30 41
41
31 93
93 320
32 76
76 357
33 75
75 377
35 175 66
175 174 141
66
67 230 305 495 449 526 281
230 232
305 309
495 527
526 264 340
281 280
69 269 465 502 84 116 202
465 220
502 346
116 115 235
202 201 214 291
265 263 341
349 348 517 245
386 385 396
71 345 504 482
345 63
504 519
482 481 361
73 401 459 114
401 405
459 153
114 113 246 264
377 382
77 512 98
512 531
98 97 297
493 316
515 529
79 302 317 454 74 100 517
302 309
454 51
100 99 297
496 322
81 216 364 401 480 509 511 104
216 445
364 370
509 427
511 418
288 448
289 296
387 49
420 423
442 543
461 214
501 346
508 427
83 343 462 110 534
343 356
462 52
110 109 250
534 235
394 393 406
85 230 303
303 309
458 153
87 325
325 36
90 387 461
201 447
457 212
463 52
218 217
171 170 289 344
294 39
320 43
94 205 268 274 385 417 467 116 520
205 37
268 271
385 392
467 59
520 519 59
542 523
173 172 263
97 301
297 446
99 249 355
249 257
355 363
101 352
352 351 366 391
102 101 507 155
103 223
223 53
328 327
52
105 425
425 66
441 440
107 253 350
253 259
108 107 220 372
220 219
109 251
251 257
250 249 255
111 347
112 111 539
539 225 130
113 371 116
371 64
246 56
264 263
115 279
235 234
117 272 100
272 277
439 438
119 531
531 441
121 383
383 392
122 121 280 471 475 260
280 365
475 157
260 258 348
123 272 395
57
125 323 450 466 473 514
323 36
450 204
473 240
514 513 240
139 138 160
127 299 114 537
299 61
129 292 357 416 169
292 39
416 415 538
169 168 248
130 129 450 456 215 139
215 213 327
131 468
468 524
469 524
134 36
36
149 37
136 61
61
137 136 40
40
138 451
160 457
140 210
141 140 221
142 508
389 388
144 435
518 403
146 207
37
150 463
151 150 112
152 54
153 152 162 130
154 336
358 363
156 472
472 55
157 156 167 232 245
167 166
232 231
158 536
161 412
163 169
164 163 195 538
195 415
538 65
165 338
176 394
168 342
170 460
172 368
368 367 399
263 164
174 414
177 416
241 38
327 36
426
231 197
236 197
428 433
453 510
380 378 407
404 410
513 209
510 509 430
525 240
354 351 369 383
183 535
535 65 368
413 48
429 433
330 329
523 328
419 423
432 443
447 328
516 374
340 339 534
424 66
448 291
476 542
481 250
256 262
470 98
486 537
365 364 376
315 319
490 304
298 297
247 246
50
487 522
362 45
369 379
397 408
411 48
415 48
196 411
197 196 102
198 422 453 332
332 331
214 213
291 290
204 203
295 39
208 37
209 208
312 42
242 241
212 211
213 242
445 540
53
224 54
227 137
446 40
376 382
335 44
38
240 239
243 237
257 256
259 258
262 261
258 262
271 270
267 266
293 292
277 276
58
444 184
286 285
283 282
60
296 295
39
309 308
304 303
313 312
42
311 310
319 318
316 315
62
43
322 321
334 333
44
381 46
409 47
353 351
366 370
356 355
393 398
63
346 345
359 358
363 362
45
361 360
370 369
379 378
399 408
64
373 64
374 373
402 405
532 441
382 381
378 46
46
407 47
392 391
49
388 49
398 397
400 399
408 407
405 404
403 402
410 409
47
48
423 422
433 432
443 442
434 543
543 175
51
59
524 525
55
522 298
527 528
519 521
65
