#adjlist.py
# GMT Tue May 17 12:03:42 2022
# 
1 336
336 337
2 338
338 339
3 340
340 341
4 342
342 343
5 344
344 345
6 346
346 347
7 326
326 327
8 328
328 329
9 330
330 331
10 332 748
332 333
748 619
11 319
319 316
12 314
314 309
13 334
334 335
14 305
305 304
15 176
176 175 178 179 180 182 183 185 186 187 188 189 190 195 197 198 200 202 204 213 216 218 220 242 246 247 248 250 252 260 302 307 310 312 322 323 324 232 236 240 244 262 276 668
16 320
320 321 325
17 349
349 350
23 464
464 463 172
24 23
25 723
723 174
26 25
27 177
177 370 622 671
28 27
29 369 373 708
369 368
373 372 379 709
708 368
30 29
31 372 379 709
372 371
379 377 623 672
709 371
32 31
33 181
181 377 623 672
34 33
35 376 417 710
376 375
417 594 394
710 375
36 35
37 184
184 383 624 673
38 37
39 382 386 711
382 381
386 385 389 712
711 381
40 39
41 385 389 712
385 384
389 388 392 713
712 384
42 41
43 388 392 713
388 387
392 391 395 714
713 387
44 43
45 391 395 714
391 390
395 396 418 625 674
714 390
46 45
47 192 396
192 418 625 398 674
396 626
48 47
49 191 399 518
191 50
399 397
518 516
50 49
51 196
196 403 627 675
52 51
53 402 406 715
402 401
406 405 415 416 716
715 401
54 53
55 199 405 415 514 716
199 416
405 404
415 467
514 513
716 404
56 55
57 201
201 413 628 676
58 57
59 203
203 412 629 677
60 59
61 411 419 717
411 410
419 596 407
717 410
62 61
63 423 427 440 638 682 718
423 422
427 426 430 719
440 439
638 441
682 441
718 422
64 63
65 426 430 443 639 683 719
426 425
430 429 433 720
443 442
639 632
683 632
719 425
66 65
67 429 433 446 640 684 720
429 428
433 432 438 721
446 445
640 633
684 633
720 428
68 67
69 432 438 449 641 685 721
432 431
438 437 722
449 448
641 634
685 634
721 431
70 69
71 437 635 642 686 722
437 436
635 378
642 637
686 637
722 436
72 71
73 643 452 456 646
643 644
452 451
456 454
646 645 424
74 73
75 643 455 459 646
455 454
459 457
76 75
77 643 458 462 646
458 457
462 460
78 77
79 643 461 646
461 460
80 79
81 478 481 724
478 477
481 480 484 725
724 477
82 81
83 480 484 725
480 479
484 483 726
725 479
84 83
85 475 483 726
475 504 507 421 232 733
483 482
726 482
86 85
87 485 487 490 727
485 215 236
487 486
490 489 493 728
727 486
88 87
89 489 493 728
489 488
493 492 729
728 488
90 89
91 485 492 729
492 491
729 491
92 91
93 495 498 730
495 494
498 497 731
730 494
94 93
95 497 501 731
497 496
501 500 502 240 732
731 496
96 95
97 500 502 474 732
500 499
502 471 476
474 472
732 499
98 97
99 504 507 733
504 503
507 506 734
733 503
100 99
101 506 421 734
506 505
421 420 509 244 735
734 505
102 101
103 420 509 473 735
420 597 470
509 508
473 472
735 508
104 103
105 266 519
266 265 267 268 521 539 542 545
519 106
106 105
107 289 736
289 581
736 520
108 107
109 249 522
249 524
522 110
110 109
111 251 737
251 525
737 523
112 111
113 527 531 647 690 738
527 526
531 530 534 739
647 689
690 689
738 526
114 113
115 530 534 648 692 739
530 529
534 533 537 740
648 691
692 691
739 529
116 115
117 533 537 649 694 740
533 532
537 536 741
649 693
694 693
740 532
118 117
119 536 650 696 741
536 535
650 695
696 695
741 535
120 119
121 547 647 690 651
547 122
651 650 696
122 121
123 549 648 692 651
549 124
124 123
125 551 649 694 651
551 126
126 125
127 554 558 654 662 702 742
554 553
558 557 561 743
654 697
662 353
702 697
742 553
128 127
129 557 561 655 663 703 743
557 556
561 560 564 744
655 698
663 356
703 698
743 556
130 129
131 560 564 656 664 704 744
560 559
564 563 567 745
656 699
664 359
704 699
744 559
132 131
133 563 567 657 665 705 745
563 562
567 566 746
657 700
665 362
705 700
745 562
134 133
135 566 658 666 706 746
566 565
658 701
666 365
706 701
746 565
136 135
137 568 654 702 659
568 138
659 658 706
138 137
139 570 655 703 659
570 140
140 139
141 572 656 704 659
572 142
142 141
143 574 657 705 659
574 144
144 143
145 254 580 707
254 253 589
580 579
707 621
146 145
147 661 584
661 284
584 148
148 147
149 660 586
660 284
586 150
150 149
151 747
747 667 669 670
152 151
153 595 601 605
595 617
601 600
605 603
154 153
155 596 604 608
596 617
604 603
608 606
156 155
157 597 620 607
597 617
620 619
607 606
158 157
159 229 598
229 228 292 293 294 295 296 297 298 299 300 301 20 21 517 223 528 592 581 434 576 353 356 359 362 365 589 610 613
598 262
160 159
161 226 599
226 225 227 215 470 473 407 476 612 616
599 276
162 161
163 194
194 193 394 398 414 626 615
164 163
165 348
348 18
166 165
167 306
306 594 602
168 167
169 351
351 19
170 169
171 24
172 171 465
465 723
173 26
174 173 424
424 423 427 718
175 28
178 30
179 32
180 34
182 36
183 38
185 40
186 42
187 44
188 46
189 48
190 50
195 52
197 54
198 56
200 58
202 60
204 62
213 74
216 76
218 78
220 80
242 98
246 104
247 106
248 108
250 110
252 112
260 256
302 152
307 154
310 156
312 158
322 166
323 168
324 170
232 231 233 234
236 235 237 238
240 239 241
244 243 245
262 261 263 264 547 549 551
276 275 277 278 279 287 288 568 570 572 574 584 586
668 160 162 164
370 369 373 708
622 367
671 367
377 376 417 710
623 374
672 374
383 382 386 711
624 380
673 380
418 595 414
625 393
398 397
674 393
193 399
394 383 624 673
414 413 485 487 490 628 468 676 727
626 512
615 614
403 402 406 715
627 400
675 400
416 511
413 412 629 677
628 408
676 408
412 411 419 717
629 409
677 409
205 64
206 205 207 208 209 210
207 66
208 68
209 70
210 72
211 680
680 631
212 211 681
681 680
214 453
453 451
215 214 217 219 221 452 455 458 461
217 456
219 459
221 462
222 468
468 466
223 222 224 230 467 514 511
224 515
230 512
467 466
511 510
515 513
225 471
471 469
227 474
470 469
407 403 627 675
476 475 478 481 724
612 611
616 614
228 518
292 593
293 582
294 435
295 577
296 354
297 357
298 360
299 363
300 366
301 590
20
21
517 516
528 527 531 738
592 591
581 286
434 206
576 270
353 352
356 355
359 358
362 361
365 364
589 588
610 609
613 611
512 510
231 82
233 84
234 86
235 88
237 90
238 92
239 94
241 96
243 100
245 102
524 523
525 223 592
253 525
255 114
256 255 257 258 259 598 599 21 434 576
257 116
258 118
259 120
261 548
548 122
263 550
264 552
550 124
552 126
265 540
540 538
267 543
268 546
521 520
539 538
542 541
545 544
543 541
546 544
269 128
270 269 271 272 273 274 280
271 130
272 132
273 134
274 136
280 146
275 569
569 138
277 571
278 573
279 575
287 585
288 587
571 140
573 142
575 144
281 579
579 578
282 281 580
283 662 663 664 665 666
284 283 621
621 170
285 661
286 285 660
585 148
587 150
290 521 524 522 736 737
291 290 256
593 591
582 286
435 206
577 270
354 352
357 355
360 358
363 361
366 364
590 588
303 668 747
304 303 152
594 617
602 600
308 602
309 308 311 313 620 587 601 604 607 748
311 605
313 608
315 609
609 667
316 315 317 318 585 610 612 615
317 613
318 616
321 22
325 463 465 644 645
22
463 174
644 464
645 172
327 569 593
329 571 435
331 573 582
333 575 577
335 453
337 540 354
339 543 357
341 546 360
343 539 363
345 542 366
347 545 590
18
350 525
19
352 440 638 682
355 443 639 683
358 446 640 684
361 449 641 685
364 635 642 686
367 28
368 30
371 32
374 34
375 36
378 370 622 671 631 681
631 630
380 38
381 40
384 42
387 44
390 46
393 48
397 515
400 52
401 54
404 56
408 58
409 60
410 62
422 64
425 66
428 68
431 70
436 72
439 444
444 442
441 439 688
688 212
442 447
447 445
445 450
450 448
448 636
636 378
451 74
454 76
457 78
460 80
466 495 498 501 730
469 528
472 517
477 82
479 84
482 86
486 88
488 90
491 92
494 94
496 96
499 98
503 100
505 102
508 104
510 555
555 554 558 578 742
513 519 679 680 707 282
679 631
516 678
678 618
520 108
523 112
526 114
529 116
532 118
535 120
538 548
541 550
544 552
553 128
578 146
556 130
559 132
562 134
565 136
583 555 254 282
588 679
591 630 678
630 618
617 20
600 154
603 156
606 158
667 160
611 669
669 162
614 670
670 164
618 166
619 168
632 444 688
633 447 687
687 212
634 450 687
637 636 687
689 291
691 291
693 291
695 291
652 583
653 583
697 652
698 652
699 652
700 653
701 653
