#adjlist.py
# GMT Tue May 17 12:03:42 2022
# 
1 39 33 37 29 31 35
39 38
33 32
37 36
29 28
31 30
35 34
2 46 193 207 256 310 365 383
46 186 189 232 251 261 531 74 242 76
193 257
207 355
256 498
310 477
365 516
383 530
3 45 54
45 223 243 324 586 70 239
54 53 468
4 44 586 54 239
44 70
586 140
239 238 407 470
5 43 187 225 260 115 364 372 476 493
43 186 196 376 381 428 464 74
187 120
225 441
260 427
115 114
364 514
372 522
476 130
493 651
6 42 59 183 295 316 360 506 568 609 654 231 86 395
42 194 290 291 363 452 491 535 570 611 68 94
59 60
183 399
295 463
316 661
360 505
506 162
568 667
609 649
654 164
231 230
86 85 245
395 394
7 41 185 193 200 340 76
41 203 371 374 511 515
185 272
200 451
340 608
76 75 326 120 285
8 40 181 182 188 326 331 236 88 96
40 321 489 513 285
181 330
182 449
188 303
326 494
331 498
236 235
88 87
96 95 311
28 52 185 189 191 200 202 216 251 253 256 262 115 292 309 403 455 493 503 236 66 68 92 100 305 397 561 641
52 217 218 219 220 221 222 223 224 225 226 227 228 229 230 232 233 234 241 243 252 257 260 261 277 282 284 288 291 293 296 313 315 400 405 409 446 448 452 122 470 472 484 487 132 588 629 140 142 660 102 104 106 483
189 382
191 462
202 465
216 458
251 477
253 427
262 577
292 500
309 475
403 600
455 585
503 647
66 65 294
68 67 237
92 91 247 248 110
100 99 255 351 353
305 304
397 396
561 560
641 640
30 51 107 180 181 182 183 184 188 190 195 201 205 235 245 246 248 250 271 274 289 297 299 300 301 316 318 450 468 541 543 613 62 82 287 110
51 206 207 208 209 210 211 212 213 214 215 220 221 223 224 228 229 232 237 240 241 249 269 275 281 314 315 377 378 379 380 384 396 436 476 480 578 96 98 100 102 118 439
107 108
180 375
184 557
190 408
195 305
201 473
205 630
235 479
245 418
246 410
248 416
250 420
271 445
274 447
289 460
297 467
299 471
300 587
301 639
318 589
450 612
468 580
541 618
543 620
613 148
62 61 112 216 233
82 81 283
287 286
110 109 312
32 50 177 178 179 187 192 206 211 213 214 215 268 270 302 331 333 336 338 343 370 386 389 390 434 126 545 556 597 607 58 62 242 78 80 317
50 63 199 200 201 202 203 204 219 222 225 226 238 244 267 276 286 304 335 339 342 345 346 350 354 362 366 369 371 387 430 432 438 444 461 122 499 501 595 88 90 92 94 98 104 404
177 348
178 319
179 406
192 402
206 330
211 509
213 456
214 420
215 641
268 460
270 160
302 631
333 534
336 567
338 592
343 637
370 590
386 536
389 542
390 544
434 565
126 125
545 622
556 630
597 651
607
58 57 205 227 230 273
242 241
78 77 243
80 79 337
317 316
34 49 55 177 178 179 184 191 192 203 208 212 219 220 222 228 243 253 255 257 259 261 262 278 289 312 322 332 337 338 340 343 345 352 370 373 379 400 411 415 446 454 510 521 558 599 58 66 90 106 272 355 425 479 526 124
49 194 195 196 197 198 209 258 264 266 275 280 306 307 320 323 325 327 341 360 392 413 419 457 486 495 497 517 523 562 572 593 603 84 86 357 546
55 56
203 488
208 284
212 443
219 507
220 512
222 532
228 445
243 536
255 664
257 492
259 540
261 602
278 453
312 585
322 530
332 500
337 616
345 622
352 553
373 649
379 657
400 156
411 549
415 551
446 571
454 575
510 653
521 606
558 631
599 643
90 89 246 344
106 105 267
272 271
355 354
425 424
479 478
526 525
124 123 547
36 48 179 180 194 198 205 112 218 247 252 254 270 271 274 277 298 299 300 301 316 325 326 356 358 361 363 364 367 391 398 417 426 434 482 126 533 535 539 548 554 566 574 576 605 617 619 621 410
48 188 189 190 191 192 193 197 199 201 204 210 220 221 222 224 228 251 258 263 268 275 280 306 307 318 324 328 329 332 334 339 342 346 424 478 486 487 503 508 519 525 529 547 550 562 581 584 136 601 658 80 82 84
194 303
198 368
112 111
218 382
247 481
252 649
254 641
277 451
298 469
325 492
356 134
358 150
361 507
363 512
367 524
391 571
398 561
417 553
426 667
482 583
533 612
535 614
539 152
548 624
554 628
566 635
574 666
576 138
605 647
617 171
619 144
621 651
410 409
38 47 198 234 290 360 361 385 386 391 400 405 409 412 423 436 472 539 564 582 591 615 623 627 634 231
47 187 189 193 197 208 217 219 263 302 324 421 446 450 461 122 476 495 552 560 132 136 625 140 632 636 640 642 644 646 648 650 652 656 662 78
234 618
290 490
385 534
405 614
409 150
412 128
423 559
436 620
472 162
564 146
582 655
591 160
615 154
623 176
627 166
634 158
321 485
489 148
513 598
285 115 372
371 610
374 524
511 596
515 600
291 462
452 575
491 160
570 152
611 158
94 93 249 250
186 287
196 351
376 526
381 528
428 600
464 579
74 73 240
70 69 71 459
223 431
324 490
232 522
531 666
197 467
217 375
263 359
421 557
461 128
122 121
495 589
552 138
560 134
132 131
136 135
625 146
140 139
632 148
636 659
640 150
642 152
644 154
646 156
648 158
650 160
652 162
656 166
662 176
199 348
204 353
210 447
221 429
224 516
258 494
275 463
280 580
306 469
307 471
328 559
329 496
334 502
339 565
342 624
346 134
424 561
478 664
486 587
487 653
508 594
519 604
525 610
529 651
547 665
550 643
562 633
581 639
584 649
601 657
658 171
84 83 244
209 422
264 435
266 437
320 483
323 488
327 504
341 551
392 606
413 569
419 555
457 577
497 590
517 602
523 608
572 637
593 663
603 645
357 356 358
546 545
63 64
226 437
238 397
244 406
267 475
276 449
286 456
304 626
335 583
350 575
354 504
362 509
366 518
369 520
387 538
430 563
432 606
438 567
444 569
499 162
501 592
595 667
98 97 253 388
104 103 266
404 403
229 435
237 393
240 399
241 416
249 418
269 598
281 596
314 496
315 604
377 573
378 563
380 666
384 532
396 553
480 664
578 647
102 101 264 265
118 117
439 438
227 538
230 544
233 555
282 579
284 505
288 458
293 528
296 465
313 481
448 573
470 645
484 585
588 144
629 655
142 141
660 663
483 482
53 665
665 641
56 317
57 251 252 265 282 349 527 319
265 549
349 659
527 166
319 318
273 542
60 254
61 256 257 258 259 260 261 262 263 280 383 357 485
485 484 486
64 393
393 392
65 268 269 270 279 281 359 489
279 514
359 164
294 502
67 273 401
401 647
69 274 275 276 277 278 279 280 281 282 283 341 359 466 484 638 395 665
283 561
466 589
638 661
71 72
459 657
72 433
433 432
73 284 414
414 633
75 364
120 119
77 288
79 289 290 442 402
442 146
402 401
81 291 292 293 294 308 440 474 537 404
308 473
440 158
474 156
537 616
83 295 296 297 310 120 412 414
85 298 299 300 301 408
408 407
87 306 307 341 118
89 308 309 361 453
453 452
344 628
91 310 311
311 518
93 313 314 315 368
368 130
95 422
422 421
97 320 321 322 323 324 325 326 327 328
388 540
99 331 332 333 334 335 336 337 338 339 340 341 342 343 344 345 346 347 349 394
347 635
394 546
351 350
353 352
101 360 361 362 363 364 365 366 367 120 368 369 370 371 372 373 429 431 433
429 428
431 430
103 376 377 378 379 380 553
553 552
105 383 384 385 386 387 388 389 390 391 439 441 443
441 440
443 442
108 400
109 411 412 413 414 479 520 594
520 519
594 593
111 113
113 423
114 116
116 454
117 124
119 9
9
121 10
10
123 581
125 11
11
127 12
12
128 127
129 13
13
130 129
131 14
14
133 15
15
134 133
135 16
16
137 17
17
138 137
139 18
18
141 19
19
143 20
20
144 143
145 21
21
146 145
147 22
22
148 147
149 23
23
150 149
151 167
167 39
152 151
153 24
24
154 153
155 168
168 33
156 155
157 169
169 37
158 157
159 172
172 29
160 159
161 173
173 31
162 161
163 25
25
164 163
165 174
174 35
166 165
170 26
26
171 170
175 27
27
176 175
348 347
406 405
375 374
330 329 425
449 448
399 398
557 556
303 302
382 381
462 461
467 466
451 450
473 472
465 464
488 487
630 629
447 446
509 508 510
456 455
420 419
458 457
507 506
512 511
532 531
516 515
437 436
538 537
445 444
435 434
544 543
522 521
555 554
618 617
407 626
416 415
536 535
418 417
481 480
477 476
649 648
427 426
664 626
498 497
492 491
494 493
540 539
602 601
577 576
549 548
475 474
460 459
598 597
542 541
463 122
514 513
580 132
596 595
579 578
505 126
490 489
500 499
528 527
502 501
469 468
471 470
587 586
639 638
631 142
626 625
518 517
585 584
496 495
604 603
661 660
589 588
530 529
504 503
559 558
534 533
583 582
567 566
616 615
592 591
565 564
608 607
551 550
624 623
637 636
628 627
622 621
635 634
659 658
575 574
524 523
590 136
610 609
573 572
563 562
657 656
666 653
571 570
606 605
647 646
600 599
614 613
569 568
633 632
667 657
620 619
612 611
645 644
653 652
651 650
643 642
655 654
663 662
668 176
