#adjlist.py
# GMT Tue May 17 12:03:42 2022
# 
1 29 31 33 35 37 39
29 28
31 30
33 32
35 34
37 36
39 38
2 88 172 194 210 221 236 241
88 168 173 193 312 372 606 74 303 44
172 261
194 327
210 543
221 367
236 344
241 242
3 77 66
77 233 234 258 521 98 301
66 65 323
4 40 521 301 66
40 98
521 124
301 300 451 550
5 55 214 237 295 297 326 373 437 546
55 173 218 231 273 341 363 74
214 321
237 575
295 114
297 512
326 116
373 478
437 532
546 630
6 92 176 196 257 479 515 538 636 648 308 62 461 314
92 164 200 209 232 388 533 570 594 631 79 68
176 358
196 332
257 391
479 573
515 660
538 616
636 147
648 120
308 307
62 61 281
461 460
314 313
7 56 175 202 241 414 44
56 227 270 343 352 371
175 269
202 360
414 653
44 43 253 114 374
8 82 163 166 197 222 253 42 331 60
82 201 320 580 374
163 503
166 287
197 318
222 367
253 547
42 41 255
331 330
60 59
28 94 168 175 193 202 208 212 221 224 284 291 296 339 385 407 437 535 546 554 331 79 100 84 454 46 421 423 493 586
94 161 167 178 181 199 203 205 209 213 216 234 235 237 242 245 246 248 258 263 267 275 285 292 293 297 302 307 312 317 112 346 365 372 386 410 430 440 469 483 118 517 124 533 550 582 598 600 136 615 634 644 70 86 54 350 432
168 274
193 327
208 356
212 364
224 639
284 647
291 384
296 512
339 530
385 526
407 482
535 605
554 643
79 78 249
100 99 290
84 83 455 537 419
454 453
46 45 244 304 76
421 420
423 422
493 492
586 585
30 87 162 163 166 171 185 188 192 197 206 220 239 257 268 279 281 304 305 323 330 335 359 401 435 439 441 443 464 538 578 96 102 278 645 76
87 165 172 177 180 184 190 195 199 205 217 234 235 238 249 256 267 276 282 288 293 302 306 319 322 326 338 354 372 422 433 458 462 469 506 535 556 603 70 42 58 461 84 376 52 532
162 271
171 454
185 347
188 508
192 452
206 635
220 406
239 551
268 416
279 583
281 421
304 428
305 432
323 497
330 457
335 466
359 571
401 518
435 520
439 522
441 624
443 541
464 599
578 106
96 95 394
102 101 280 291 430
278 277
645 644
76 75 409
32 93 165 170 179 189 190 222 225 229 251 259 276 295 299 306 309 122 368 377 397 398 450 462 465 485 502 548 633 652 50 81 102 303 90 539
93 169 174 181 191 198 202 206 212 216 227 230 237 246 248 250 254 260 264 277 283 300 112 336 345 351 355 371 375 395 400 415 447 453 473 487 496 513 536 638 86 58 60 48 46 68 340
165 287
170 501
179 402
189 508
190 379
225 362
229 561
251 387
259 389
276 408
299 442
306 432
309 436
122 121
368 491
377 499
397 628
398 565
450 588
462 586
465 599
485 545
502 614
548 630
633 144
652
50 49 258
81 80 380
303 302
90 89 263 298 307 464
539 538
34 91 170 174 177 179 181 188 199 204 208 211 216 223 227 229 238 242 251 258 265 267 296 312 316 335 346 368 380 385 397 409 414 418 427 450 455 477 484 487 504 506 529 531 602 644 48 100 54 261 90 269 393 370 64 457
91 164 171 176 180 183 187 195 218 219 228 240 243 247 252 262 294 310 325 328 366 383 403 412 417 429 431 438 448 475 488 552 617 72 62 495 486
174 539
177 178
181 637
199 353
204 534
211 543
216 607
223 639
227 601
238 567
242 632
258 389
265 591
267 416
312 510
316 446
346 595
380 622
409 482
418 524
427 528
455 658
477 559
484 573
487 545
504 614
506 609
529 593
531 605
602 641
644 150
48 47 279 470
54 53 283
261 260
269 268
393 392
370 369
64 63 463
457 456
36 103 162 164 167 182 185 186 200 203 214 239 243 244 251 253 268 272 280 328 348 349 122 361 388 390 398 420 439 443 445 460 464 471 483 494 498 511 519 525 538 544 558 584 590 604 623 633 583
103 163 168 169 184 187 189 192 193 195 199 205 206 208 212 216 219 223 229 230 233 235 240 241 252 267 286 289 325 369 378 392 400 401 426 438 444 447 456 463 467 481 488 108 496 509 527 542 554 600 625 650 81 72 96
164 503
167 274
182 637
186 324
200 353
203 360
243 632
244 459
272 413
280 425
328 329
348 595
349 597
361 571
388 579
390 493
420 524
445 657
460 586
471 611
483 573
494 132
498 569
511 660
519 134
525 142
544 630
558 643
584 126
590 159
604 661
623 130
583 582
38 104 176 182 226 232 259 328 348 357 386 424 433 440 564 568 582 590 596 610 621 627 634 644 656 308
104 161 168 177 181 219 233 241 295 326 112 333 346 355 359 403 108 492 118 502 124 523 562 572 576 585 587 592 608 619 629 640 642 650 654 50
226 362
232 581
357 110
386 579
424 505
433 520
440 624
564 138
568 156
582 126
596 649
610 153
621 140
627 144
634 147
656 128
98 97 285 507
41 334
334 333
255 311
43 214
114 113
374 373 437
45 194 255
47 182 207 284 534
207 635
534 533
470 611
49 292
292 384
51 64
52 51
53 210 217 226 259 264 266 299 309 348 376 575 567
217 607
264 382
266 591
376 375
575 574
567 566
283 647
173 278
218 537
231 370
273 613
341 530
363 557
74 73 256
270 413
343 530
352 514
371 480
57 183 201 211 228 233 243 253 262 426 425
183 350
201 411
228 601
233 581
262 555
426 505
425 424
58 57 266 296
59 187 240 429 52
187 324
240 551
429 528
61 186 239 439 443 452
452 451
63 444
444 541
463 659
65 659
659 586
67 245 288 329 469
245 459
288 404
329 116
469 553
68 67 282 305
282 421
69 176 182 191 200 214 236 254 272 114 329 345 368 371 373 484 342 337 474
191 379
254 311
345 468
342 341
337 336
474 473
70 69 294 315
294 399
315 446
71 194 196 213 220 114 357 490
213 364
490 577
72 71 250
250 387
73 178 490
178 358
256 391
75 316 357 417 490 457 468 618
417 516
468 467
618 617
234 337
78 298 560
298 442
560 643
249 476
80 188 232 566 645 561
566 138
561 560
320 549
580 106
83 222 223 225 289 313 351 377 380 397 400 414 429 447 450 470 487 496 500 589
289 396
313 486
351 597
400 565
447 657
496 132
500 569
589 626
537 536
419 418
85 231 319 338 506 603 524
319 449
338 489
603 661
524 523
86 85 247
247 434
180 334
184 347
195 332
205 342
235 344
293 399
302 428
322 549
354 514
372 478
422 524
458 658
556 643
532 531
606 661
89 193 315 365 483 589 612 402
365 557
612 153
402 401
263 382
307 436
219 406
252 547
310 510
325 497
366 491
383 526
403 518
412 653
431 472
438 522
448 588
475 559
488 577
552 620
617 655
495 494 584
486 485
209 356
533 605
570 156
594 159
631 144
169 501
198 318
230 419
246 434
248 476
260 555
277 408
300 423
112 111
336 489
355 110
375 499
395 628
415 516
453 563
473 559
513 660
536 605
638 147
340 339
161 271
275 613
285 474
317 449
410 482
430 472
118 117
517 134
124 123
550 620
598 649
600 641
136 135
615 655
350 349
432 431
95 207 209 224 275 290 381 574 646 340
290 396
381 622
574 156
646 150
394 493
97 185 195 198 203 204 215 325 354 365 394 405 410 429 540 651 314 659
215 321
405 518
540 616
651 120
507 609
99 189 215 322 354 580 633 651
101 210 221 242 252 265 297 312 325 385 650 411 495
650 651
411 410 438
286 404
369 480
378 618
392 493
456 658
467 553
481 573
108 107
509 609
527 593
542 630
625 130
333 466
492 132
523 142
562 138
572 156
576 106
585 126
587 626
592 159
608 153
619 140
629 144
640 147
642 150
654 128
105 9
9
106 105
107 10
10
109 11
11
110 109
111 12
12
113 13
13
115 14
14
116 115
117 15
15
119 16
16
120 119
121 17
17
123 18
18
125 19
19
126 125
127 20
20
128 127
129 21
21
130 129
131 22
22
132 131
133 23
23
134 133
135 24
24
137 25
25
138 137
139 26
26
140 139
141 27
27
142 141
143 145
145 29
144 143
146 148
148 31
147 146
149 151
151 33
150 149
152 154
154 35
153 152
155 157
157 37
156 155
158 160
160 39
159 158
271 270
503 502
287 286 393
274 273
501 500
358 122
637 636
347 346
324 323
508 507
379 378 602
327 326
332 112
318 317
353 352
360 359
635 634
356 355
543 542
364 363
321 320
607 606
406 405
367 366
639 638
362 361
601 600
581 580
344 343
551 550
632 631
459 458
434 433
476 475
387 386
547 546
311 310
391 390
389 388
555 554
382 381
591 590
416 415
413 412
613 612
408 407
647 646
404 403
396 395
384 383
399 398
512 511
442 441
451 563
428 427
436 435
510 509
446 445
449 448
549 548
497 118
466 465
489 488
530 529
595 594
597 596
514 513
571 570
557 556
491 108
480 479
478 477
499 498
622 621
526 525
579 578
628 627
565 564
518 517
482 481
653 652
516 515
505 504
528 527
472 471
520 519
522 521
624 623
541 540
657 656
588 587
563 562
658 563
599 598
553 552
611 610
559 558
573 572
545 544
577 576
569 568
614 136
609 608
660 609
593 592
605 604
616 615
630 629
620 619
643 642
626 625
649 648
641 640
661 641
655 654
662 128
