#adjlist.py
# GMT Tue May 17 12:03:42 2022
# 
1 35 36 51 58 82 45 98 32 57 64
35 81
36 104 29
51 97
58 91
82 19
45 44 86 41
98 121
32 31 79
57 56 66
64 63 92
2 102
102 11
3 76
76 112
4 75
75 113
5 99
99 122
6 100
100 122
7 70
70 110
8 69
69 111
9 96
96 121
10 98
12 37 55 103 117 90
37 88
55 101
103 13
117 13
90 89 72 74 94
13 12
14 30 38 54 78 101 90
30 77
38 103 104 88
54 68
78 15
101 100
15 14
16 33 53 80 105 90
33 79
53 119 66
80 17
105 104 88 29
17 16
18 34 52 81 105 32 90
34 82
52 57 97
81 19
19 18
20 62 106 118
62 95
106 21
118 21
21 20
22 46 61 108 95
46 106 109 49
61 93
108 23
95 94
23 22
24 42 47 60 84 87 107
42 83
47 109
60 120 92
84 25
87 49
107 106 108
25 24
26 43 59 85 41
43 86
59 64 91
85 27
41 40 50 83 109
27 26
28 78
29 28 39 77
39 103
77 15
31 80
79 17
104 117
88 45
40 84
50 87 107
83 25
109 118
86 27
44 85
49 48
48 23
97 96
119 68 101
66 65
68 67
56 119
91 89
120 93 95
92 72
93 74
63 120
65 111
111 115
67 110
110 115
71 113
113 116
72 71
73 112
112 116
74 73
89 99
94 102
121 115
122 116
11
115 114
116 114
114 11
