#adjlist.py
# GMT Tue May 17 12:03:42 2022
# 
1 33 97 58 109
33 79
97 74
58 57
109 94 108
2 79 86
79 77 80 104 30
86 84 87 107 40
3 89
89 70
4 100
100 115
5 99
99 115
6 91
91 114
7 96
96 72
8 95
95 72
9 93
93 114
10 98
98 74
11 97
14 34 63 77 62
34 75 44
63 112
77 38
62 61
15 14
16 35 56 75 80 78 60
35 81
56 52
75 38
80 39
78 77 44
60 59
17 16
18 36 55 103 32 108
36 102 76
55 94
103 19
32 31 80
108 60 52
19 18
20 37 54 32 104 58
37 30
54 109
104 103 76
21 20
22 45 67 84
45 82 12
67 90
84 49
23 22
24 46 66 82 87 85 90
46 88
66 101
82 49
87 50
85 84 12
90 89
25 24
26 47 65 106 42 69
47 105 83
65 111
106 27
42 41 87
69 68
27 26
28 48 64 42 107 110
48 40
64 92
107 106 83
110 69 111
29 28
30 21 102
102 19
31 78
44 43
81 39
76 75 81
38 15
39 17
40 29 105
105 27
41 85
43 86
12
88 50
83 82 88
49 23
50 25
51 112
112 92 110
52 51 53
53 62
94 93
57 98
59 95
61 96
92 91
111 101 90
101 100
68 99
70 13
13
71 70
72 71
74 73
73
114 113
115 113
113 70
116 115
