#adjlist.py
# GMT Tue May 17 12:03:42 2022
# 
1 73
73 39
2 74
74 71
3 69
69 67
10 40 53 79 80 82 87 109 86 90 11
40 81 83 115 116
53 124
79 13
80 13
82 15
87 19
109 31
86 85
90 89
11 10
12 43 46 54 80 82 91 95 116 117 126 128 86
43 81 84 87 115 90
46 94
54 98 120 129
91 21
95 62
116 131
117 133
126 135
128 132
13 12
14 42 48 56 82 97 104 116 117 120 127 128 86
42 79 83 84 87 115 90
48 91 95 94
56 98 101 121 129 130
97 106
104 27
120 108
127 135
15 14
16 41 47 60 79 102 103 117 120 127 128 90 37
41 85 115 88
47 92
60 100 101 105 118 119 122 123 125
102 25
103 25
37 36
17 16
18 44 58 97 98 99 104 110 119 125 126 129 108 92
44 77 89 88
58 100 103 117 123 128 130
98 106
99 23
110 33
119 133
125 135
129 132
108 107
92 91 95 94
19 18
20 50
50 93 96
21 20
22 51 55
51 6
55 99
23 22
24 52 57 130
52 9
57 102
130 132
25 24
26 59 64 118
59 104
64 4
118 133
27 26
28 65 97 123
65 7
123 134
29 28
30 75 121 122
75 5
121 108
122 108
31 30
32 63 76
63 110
76 8
33 32
34 49 68 112 94
49 91 95
68 111
112 35
94 93 96
35 34
36 45 72 114
45 78 89
72 113
114 37
38 77 78 131
77 136
78 136
131 17
39 38 11 13 15 21 35
81 13
83 15
115 131
85 17
88 87
84 15
89 19
93 21
96 62
6
9
124 134
101 23
100 23
105 29
61 105 107 124 132 133 135
107 31
132 25
133 27
135 33
62 61 109 123 23
4
7
66 111
111 35
67 66 112
70 113
113 37
71 70 114
5
8
136 19
106 105
134 29
