#adjlist.py
# GMT Tue May 17 12:03:42 2022
# 
1 56 22 24 26
56 34 32 28 30
22 21
24 23
26 25
2 147
147 105
3 146
146 103
4 145
145 101
5 144
144 99
6 137
137 95
7 136
136 94
8 135
135 93
9 134
134 92
10 151 176 85
151 115
176 97
85 84 97
11 138 150 152 154 161
138 107
150 121
152 109
154 153
161 160
12 139 149 162 164 166
139 111
149
162 113
164 163
166 165
13 140 148 168 170 172
140 117
148 123
168 119
170 169
172 171
14 133 67 69 71 73
133 105
67 66
69 68
71 70
73 72
15 132 143
132 103
143 42
16 131 142
131 101
142 40
17 130 141
130 99
141 38
20 76 82 179
76 91
82 81 83 141 142 143 155
179 178 182
21 51 177 60 18 181 59
51 19
177 183
60 20 61
18
181 183
59 58 82
23 52 55 178 75 182 59
52 180
55 60
178 184
75 74 19
182 184
25 53 54 60 91 59
53 57
54 180 179
91 90
27 13
28 27
29 12
30 29
31 11
32 31
33 10
34 33
35 17
36 35
37 16
38 37
39 15
40 39
41 14
42 41
43 126 73
126 92
44 43
45 127 71
127 93
46 45
47 128 69
128 94
48 47
49 129 67
129 95
50 49
19
180 18
57 75
58 62 63 64 65 126 127 128 129
62 134
63 135
64 136
65 137
61 77 78 79 80 130 131 132 133
77 144
78 145
79 146
80 147
66 176 85
68 138 152 154 161
70 139 162 164 166
72 140 168 170 172
74 177 181
81 86 87 88 89 148 149 150 151
86 174
87 175
88 173
89 167
83 156 157 158 159
155 36
156 36
157 38
158 40
159 42
84 152 153 161
153 107
97 96
174 123
175 125
173 121
167 115
90 26
92 44
93 46
94 48
95 50
96 155
98 156
99 98
100 157
101 100
102 158
103 102
104 159
105 104
106 162 163 166
163 111
107 106 160
160 109
108 167
109 108
110 168 169 172
169 117
111 110 165
165 113
112 173
113 112
114 34
115 114
116 174
117 116 171
171 119
118 175
119 118
120 32
121 120
122 28
123 122
124 30
125 124
183 22
184 24
185 125
