#adjlist.py
# GMT Tue May 17 12:03:42 2022
# 
1 83 22 24 26
83 28 30 32 34
22 21
24 23
26 25
2 162
162 111
3 160
160 108
4 158
158 105
5 156
156 102
6 170
170 120
7 168
168 118
8 166
166 116
9 164
164 114
12 58 97 173 175
58 176 185
97 85 98 149 151 153 155
173 172 180
175 174 183
13 163 76 78 80 82
163 111
76 75
78 77
80 79
82 81
14 155 161
155 42
161 108
15 153 159
153 40
159 105
16 151 157
151 38
157 102
17 147 177 72
147 96
177 74
72 71 74
18 134 139 145 136 138
134 68
139 70
145 93
136 135
138 137
19 128 133 143 130 132
128 64
133 66
143 90
130 129
132 131
20 122 127 141 124 126
122 60
127 62
141 87
124 123
126 125
21 53 172 51 11 180 121
53 10
172 179
51 12 100
11
180 179
121 113 97
23 52 54 174 181 183 121
52 51
54 178
174 182
181 10 173
183 182
25 57 56 176 51 185 121
57 178 175
56 55
176 184
185 184
27 20
28 27
29 19
30 29
31 18
32 31
33 17
34 33
35 16
36 35
37 15
38 37
39 14
40 39
41 13
42 41
43 165 82
165 114
44 43
45 167 80
167 116
46 45
47 169 78
169 118
48 47
49 171 76
171
50 49
100 99 103 106 109 157 159 161 163
10
178 11
55 181
59 142
142 90
60 59
61 140
140 87
62 61 123
123 60
63 144
144 93
64 63
65 122 125 124
125 62
66 65 129
129 64
67 146
146 96
68 67
69 128 131 130
131 66
70 69 135
135 68
71 134 137 136
137 70
74 73
73 149
149 36
75 177 72
77 134 139 136 138
79 128 133 130 132
81 122 127 124 126
84 140
85 84 88 91 94 141 143 145 147
88 142
91 144
94 146
86 28
87 86
89 30
90 89
92 32
93 92
95 34
96 95
98 148 150 152 154
148 36
150 38
152 40
154 42
99 156
103 158
106 160
109 162
101 148
102 101
104 150
105 104
107 152
108 107
110 154
111 110
112 164
113 112 115 117 119 165 167 169 171
115 166
117 168
119 170
114 44
116 46
118 48
120 50
179 22
182 24
184 26
186 120
