#adjlist.py
# GMT Tue May 17 12:03:42 2022
# 
1 68
68 82
2 71
71 84
3 69
69 83
10 52 133 95
52 141
133 103
95 94 142 144 99 146
11 10
12 53 70 128 134
53 140
70 125 127 132 113 158
128 101
134 161
13 12
14 81
81 7
15 14
16 54
54 88
17 16
18 55
55 87
19 18
20 80
80 6
21 20
22 78
78 5
23 22
24 77
77 4
25 24
26 79 112 114 124 126
79 159 162
112 25
114 23
124 21
126 21
27 26
28 56 75 117 124 132 134 111
56 182
75 127 130 131 113
117 23
132 156
111 110
29 28
30 57 74 115 124 126 131 149 160 172 178
57 148
74 129 132 134 159 158
115 23
131 156
149 175
160 25
172 175
178 182
31 30
32 58 73 116 125 126 130 151 159 173 178 158
58 148 150
73 135 113 165
116 23
125 160
130 123
151 176
159 15
173 176
158 157
33 32
34 59 72 116 125 130 153 135 113 174 178
59 148 150 152
72 117 126 157 165 15
153 177
135 134
113 112
174 177
35 34
36 60 108
60 99
108 107
37 36
38 61 143 166 180
61 118 119 142
143 169
166 169
180 99
39 38
40 62 145 167 180
62 142 144
145 170
167 170
41 40
42 63 147 168 180
63 142 144 146
147 171
168 171
43 42
44 64 97
64 181
97 96
45 44
46 65 137 154 179
65 136
137 163
154 163
179 181
47 46
48 66 139 155 179
66 136 138
139 164
155 164
49 48
50 67 76 179
67 86 136 138
76 85
51 50
141 103
140 101
88 9
87 8
182 29 31 33
148 111
150 149 172
152 151 173
99 98 37 39 41 43
118 19
119 17
142 108
144 143 166
146 145 167
181 95 51 45 47 49
136 97
138 137 154
86 139 155
82 89 128
83 90 91 92 129 130 131 132 162 158 51 45 47 49 37 39 41 43 29 31 33 35
127 160
84 93 133
157 105
165 120
129 123
85 51
4
5
162 161
6
7
89 140
90 11
91 13
92 114 115 116 117 159 160 21
93 141
8
9
94 147 168
96 45
98 109 148 150 182 152
109 153 174
100 13
101 100
102 11
103 102
104 27
105 104 106 118
106 121 122
121 17
122 19
107 37
110 29
120 119 121
123 122
156 165
161 105 120
163 47
164 49
169 39
170 41
171 43
175 31
176 33
177 35
183 35
