#adjlist.py
# GMT Tue May 17 12:03:42 2022
# 
1 28
28 90
2 29 71 83 135 149
29 78 85 92
71 46
83 104
135 162
149 150
3 36 98 105 131
36 76 100 101 124
98 137
105 148
131 162
4 27 93 133 35
27 76
93 94
133 162
35 34 106
5 79 82 93 31
79 128
82 132
31 30 106
6 44 84 103 110 118 157
44 98 125 143 145 163 169 171
84 140
103 50
110 154
118 142
157 66
7 41 83 88 90 97 125 143 145 151 163 169 171
41 71 117 155 165 140
88 109
90 54
97 137
125 56
143 70
145 60
151 152
163 62
169 58
171 68
15 40 78 81 95 150
40 72 73 79 80 88 91 92 94 96 50 107 112 116 120 56 129 52 141 70 147 152 161 111
78 128
81 160
95 115
150 170
16 15
17 37 77 78 80 95 99 116 123 135 150
37 72 76 79 81 86 88 91 92 94 96 100 101 102 50 124 131 52 147 152
77 113
80 160
99 126
116 146
123 144
18 17
19 42 72 86 91 97 152
42 87 89 98 107 117 120 56 70 60 153 62 165 58 68 104 122 139
72 46
86 119
91 54
152 168
20 19
21 43 72 92 50
43 73 84 87 89 91 107 117 120 56 136 70 60 62 167 58 68
92 122
50 49
22 21
23 38 80 93 112 133
38 71 74 75 81 82 85 90 95 97 99 103 108 121 127 135 138 149 151 35 33
112 154
24 23
25 39 77 99 102 105 135 132 31 130
39 71 74 75 78 85 90 103 108 114 121 136 138 149 151 159 33
102 134
132 131
130 129
26 25
76 113
85 86
30 134
134 133
106 148
32 116
33 32 123
34 98 100 101 124
100 126
101 130
124 144
94 115
96 139
52 51
147 170
74 166
75 111
108 158
121 156
127 164
138 64
114 146
136 52
159 172
73 166
107 158
120 156
56 55
129 164
141 64
70 69
161 172
111 110
117 142
155 66
165
140 138
87 119
89 109
60 59
153 168
62 61
58 57
68 67
104 103
122 121
139 138
167 48
45 8
8
46 45
47 9
9
48 47
49 10
10
51 11
11
53 12
12
54 53
55 13
13
57 14
14
59 16
61 18
63 20
64 63
65 22
66 65
67 24
69 26
166 165
113 112
128 127
160 159
119 118
109 108
115 114
137 136
126 125
148 147
158 157
154 153
146 145
142 141
156 155
144 143
164 163
162 161
170 169
168 167
172 171
173 48
