#adjlist.py
# GMT Tue May 17 12:03:42 2022
# 
1 104
104 60
2 103
103 53
3 105
105 58
10 56 119 88
56 118
119 55
88 87 130 132 77 134
11 10
12 63 100 121 141
63 120
100 147 148 149 111 180
121 62
141 174
13 12
14 65
65 5
15 14
16 67
67 66
17 16
18 69
69 68
19 18
20 70
70 9
21 20
22 71
71 4
23 22
24 72
72 7
25 24
26 101 106 110 150 151
101 144 177 175
106 23
110 25
150 21
151 21
27 26
28 78 96 109 122 141 147 150 153
78 183
96 145 146 148 111
109 23
122 152
147 176
153 152
29 28
30 79 97 107 124 146 150 151 155 181 184
79 123
97 141 143 147 177 180
107 23
124 154
146 176
155 154
181 25
184 183
31 30
32 80 98 108 126 145 149 151 157 177 184 180
80 123 125
98 142 178 111
108 23
126 156
145 116
149 181
157 156
177 15
180 179
33 32
34 81 99 108 128 145 149 159 142 111 184
81 123 125 127
99 109 151 178 179 15
128 158
159 158
142 141
111 110
35 34
36 83 129 161
83 77
129 160
161 160
37 36
38 84 131 163 185
84 114 117 130
131 162
163 162
185 77
39 38
40 85 133 165 185
85 130 132
133 164
165 164
41 40
42 86 135 167 185
86 130 132 134
135 166
167 166
43 42
44 91 136 169
91 182
136 168
169 168
45 44
46 92 138 171 186
92 137
138 170
171 170
186 182
47 46
48 93 140 173 186
93 137 139
140 172
173 172
49 48
50 95 90 186
95 94
90 89 137 139
51 50
52 118
118 55
53 52 119
54 11
55 54
57 11
58 57 64 102 143 144 145 146 147 29 31 33 35 37 39 41 43 45 47 49 51 175 180
64 13
102 106 107 108 109 177 181 21
143 116
144 116
175 174
59 120
120 62
60 59 121
61 13
62 61
5
66 8
8
68 6
6
9
4
7
73 27
74 73 75 114 117
75 112 115
114 17
117
112 17
115 19
76 82 123 125 183 127
82 128 159
123 122 153
125 124 155
183 29 31 33 35
127 126 157
77 76 37 39 41 43
130 129 161
132 131 163
134 133 165
87 135 167
89 140 173
137 136 169
139 138 171
182 88 45 47 49 51
94 51
148 181
178 113
179 74
113 112 114
116 115 117
152 29
154 31
156 33
158 35
160 37
162 39
164 41
166 43
168 45
170 47
172 49
174 113 74
176 178
187 19
