#adjlist.py
# GMT Tue May 17 12:03:42 2022
# 
1 59 60 101 108 115 122 158 72 204 56 107 114 121 128
59 157
60 214 53
101 203
108 185
115 191
122 197
158 27
72 71 73 164 85 68
204 249
56 55 155
107 106 130
114 113 186
121 120 192
128 127 198
2 212
212 19
3 152
152 232
4 151
151 233
5 210
210 252
6 211
211 252
7 146
146 230
8 145
145 231
9 208
208 251
10 209
209 251
11 140
140 228
12 139
139 229
13 205
205 250
14 206
206 250
15 134
134 226
16 133
133 227
17 202
202 249
18 204
20 61 105 213 241 180
61 176
105 207
213 21
241 21
180 179 184 136 138 188
21 20
22 54 62 104 154 207 180
54 153
62 213 214 176
104 132
154 23
207 206
23 22
24 57 103 156 215 180
57 155
103 245 130
156 25
215 214 176 53
25 24
26 58 102 157 215 56 180
58 158
102 107 203
157 27
27 26
28 74 112 216 242 181
74 177
112 189
216 29
242 29
181 179
29 28
30 66 75 111 160 189 181
66 159
75 216 217 177
111 187
160 31
189 188
31 30
32 69 110 162 218 181
69 161
110 246 186
162 33
218 217 177 65
33 32
34 70 109 163 218 68 181
70 164
109 114 185
163 35
68 67 161
35 34
36 87 119 219 243 183
87 178
119 195
219 37
243 37
183 182
37 36
38 79 88 118 166 195 183
79 165
88 219 220 178
118 193
166 39
195 194
39 38
40 82 117 168 221 183
82 167
117 247 192
168 41
221 220 178 78
41 40
42 83 116 169 221 81 183
83 170
116 121 191
169 43
81 80 167
43 42
44 126 222 244
126 201
222 45
244 45
45 44
46 96 125 224 201
96 222 225 99
125 199
224 47
201 200
47 46
48 92 97 124 172 175 223
92 171
97 225
124 248 198
172 49
175 99
223 222 224
49 48
50 93 123 173 91
93 174
123 128 197
173 51
91 90 100 171 225
51 50
52 154
53 52 63 153
63 213
153 23
55 156
155 25
214 241
176 72
64 160
65 64 76 159
76 216
159 31
67 162
161 33
164 35
71 163
73 217 65
85 84 86 170 95 81
217 242
177 85
77 166
78 77 89 165
89 219
165 39
80 168
167 41
170 43
84 169
86 220 78
95 94 174 91
220 243
178 95
90 172
100 175 223
171 49
225 244
174 51
94 173
99 98
98 47
203 202
245 132 207
130 129
132 131
106 245
185 184
246 187 189
186 136
187 138
113 246
191 190
247 193 195
192 142
193 144
120 247
197 196
248 199 201
198 148
199 150
127 248
129 227
227 235
131 226
226 235
135 229
229 236
136 135
137 228
228 236
138 137
141 231
231 238
142 141
143 230
230 238
144 143
147 233
233 240
148 147
149 232
232 240
150 149
179 182 190 142 144 194
182 196 148 150 200
190 208
194 211
184 205
188 209
196 210
200 212
249 235
250 236
251 238
252 240
19
235 234
236 234
238 237
240 239
234 237
237 239
239 19
