#adjlist.py
# GMT Tue May 17 12:03:42 2022
# 
1 57 142 104 211
57 155
142 209
104 103
211 195 210
2 155 162 169 176
155 153 156 199 54
162 160 163 202 64
169 167 170 205 75
176 174 177 208 86
3 185
185 229
4 183
183 229
5 224
224 230
6 222
222 148
7 182
182 226
8 221
221 148
9 219
219 230
10 179
179 144
11 190
190 228
12 187
187 227
13 188
188 227
14 192
192 231
15 191
191 228
16 181
181 226
17 194
194 150
18 196
196
19 143
143 209
22 58 112 153 108
58 151 68
112 121
153 62
108 107
23 22
24 59 102 151 156 154 106
59 157
102 98
151 62
156 63
154 153 68
106 105
25 24
26 60 101 198 56 210
60 197 152
101 195
198 27
56 55 156
210 106 98
27 26
28 61 100 56 199 104
61 54
100 211
199 198 152
29 28
30 69 125 160 119
69 158 79
125 134
160 73
119 118
31 30
32 70 115 158 163 161 117
70 164
115 110
158 73
163 74
161 160 79
117 116
33 32
34 71 114 201 66 212
71 200 159
114 189
201 35
66 65 163
212 117 110
35 34
36 72 113 66 202
72 64
113 213 193
202 201 159
37 36
38 80 135 167 132
80 165 90
135 218
167 84
132 131
39 38
40 81 128 165 170 168 130
81 171
128 123
165 84
170 85
168 167 90
130 129
41 40
42 82 127 204 77 214
82 203 166
127 220
204 43
77 76 170
214 130 123
43 42
44 83 126 77 205
83 75
126 215 180
205 204 166
45 44
46 91 139 174
91 172 20
139 186
174 95
47 46
48 92 138 172 177 175 186
92 178
138 184
172 95
177 96
175 174 20
186 185
49 48
50 93 137 207 88 141
93 206 173
137 217
207 51
88 87 177
141 140
51 50
52 94 136 88 208 216
94 86
136 223
208 207 173
216 141 217
53 52
54 29 197
197 27
55 154
68 67
157 63
152 151 157
62 23
63 25
64 37 200
200 35
65 161
67 162
79 78
164 74
159 158 164
73 31
74 33
75 45 203
203 43
76 168
78 169
90 89
171 85
166 165 171
84 39
85 41
86 53 206
206 51
87 175
89 176
20
178 96
173 172 178
95 47
96 49
97 121
121 120 193
98 97 99
99 108
195 194
103 196
105 181
107 191
109 134
134 133 180
110 109 111
111 119
213 189 212
193 192
189 188
116 187
118 190
120 213
122 218
218 223 216
123 122 124
124 132
215 220 214
180 179
220 219
129 221
131 182
133 215
223 222
217 184 186
184 183
140 224
209 225
144 21
21
145 148
148 147
146 145
147 230
230 144
149 144
150 149
226 225
229 148
227 146
228 146
231 230
225 231
232 150
