#adjlist.py
# GMT Tue May 17 12:03:42 2022
# 
1 52
52 80
2 53
53 81
3 54
54 82
10 55 56 151 201
55 83 154 156
56 84 151
151 91
201 204
11 10
12 57 152 162 201
57 154 156
152 162 163
162 97
13 12
14 60 153 164 201
60 156
153 164 165
164 99
15 14
16 63 155 168
63 204
155 168 169
168 104
17 16
18 67 171 178 202 33
67 173 175 177
171 178 179
178 107
202 95
33 32
19 18
20 71 172 180 202
71 175 177
172 180 181
180 109
21 20
22 73 174 182 202
73 134 136 177
174 182 183
182 111
23 22
24 75 176 184
75 95
176 184 185
184 113
25 24
26 77 78 125 141 146 150 123 186 193 203
77 188 190 192
78 124 143 157 170 49
125 41
141 160
146 135
150 149
123 122
186 193 194
193 115
203 205
27 26
28 58 59 125 141 143 146 161 187 195 203 158
58 190 192
59 150 123 170
143 43
161 49
187 195 196
195 117
158 157
29 28
30 61 62 126 140 143 145 160 189 197 203
61 192
62 144 148 149 161 158
126 41
140 43
145 159
160 39
189 197 198
197 119
31 30
32 64 65 124 140 144 149 191 199
64 205
65 142 145 146 123
124 41
144 159
149 166
191 199 200
199 121
34 68 69 132 149
68 133
69 141 142 144 123 158
132 131
35 34
36 72 122 127 140 143
72 147 161 167
122 39
127 41
37 36
38 74
74 6
39 38
40 76
76 9
41 40
42 79
79 4
43 42
44 7
7
45 44
46 5
5
47 46
48 66
66 8
49 48
50 70 129 93
70 130
129 128
93 92 173 175 177 95
51 50
80 85 86 87 144 145 146 147 148 158 167 11 13 15 17 19 21 23 25 27 29 31
81 88 129
82 89 132
83 152 163
154 153 165
156 155 169
84 91
190 189 198
192 191 200
170 137
148 135
204 93 11 13 15 17
205 27 29 31 33
142 160
8
173 172 181
175 174 183
177 176 185
133 131
130 128
147 135
167 166
134 45
136 47
6
95 94 19 21 23 25
9
188 187 196
157 101
4
85 35
86 124 125 126 127 43 160 161
87 51
88 130
89 133
163 97
91 90
90 11
92 171 179
179 107
94 105 188 190 205 192
105 186 194
96 13
97 96
98 15
99 98
100 37
101 100 102 134 136
102 138 139
138 45
139 47
103 17
104 103
194 115
106 19
107 106
108 21
109 108
110 23
111 110
112 25
113 112
114 27
115 114
116 29
117 116
118 31
119 118
120 33
121 120
128 51
131 35
135 134 138
137 136 139
159 170
166 101 137
165 99
169 104
181 109
183 111
185 113
196 117
198 119
200 121
