#adjlist.py
# GMT Tue May 17 12:03:42 2022
# 
1 93
93 171
2 168 114
168 213
114 112
3 150 191
150 207
191 147
4 96 156 130 202
96 185
156 143
130 128
202 145
5 202
6 40
40 203
7 39 117
39 236
117 115
8 49
49 117
9 50 130
50 96
10 94
94 72
11 122 125
122 216
125 90
12 42
42 151 182
13 151
151 86
14 121
121 216
15 91
91 72
16 92 206
92 171
206 147
17 41
41 167 166
18 166
166 165
19 140
140 90
27 48 92 101 124 140 162 196 193 195 139
48 99 178 62 111 114 181 127 201 120 64 200 174
101 219
124 215
162 21
196 213
193 109 194 198
195 157 160
139 138
28 27
29 47 93 146 153 161 80 84
47 108 131 154 155 192 62 66 136 82 104
146
153 199
161 204
80 79 173 209
84 83
30 29
31 46 97 163 60 192 68 210 193 116 220
46 128 148 154 159 190 191 169 76 107 64
97 179
163 162 111 196 102 70
60 59 158
192 205 78 139
68 67 165 167
210 32
116 115 136
220 24
32 31
33 45 91 110 141 54 190 157 74 126 56 58 116 211
45 94 95 155 137 102 64 78
110 230
141 224
54 53 153 172 113 129
190 123 174
157 156 199
74 73 204
126 125 109 119
56 55 191 179
58 57 160 66 196
211 210 220
34 33
35 44 54 163 98 214 218 52 126 195 100 107
44 105 132 152 217 198 134
98 97 176 200 116
214 32
218 34
52 51 95 20
100 99 203
107 106 74
36 35
37 43 110 150 186 188 194 181 197 52 56 113 235
43 142 149 152 187 98 60 208 58 100 104 120
186 25
188 26
194 185 84
181 180 129
197 23
113 112 68 169
235 219
38 37
236 233
203 38
167 145
182 145
142 225
149 232
152 24
187 223
208 223
104 103 105 106 76 215
120 118 177
105 227
132 88
217 32
198 197 189
134 133 205
95 221
155 143
137 135
102 101 103
64 63 222
78 77 183 226
128 224
148 230
154 127
159 30
169 168 170
76 75 172
108 235
131 227
62 61 158
66 65 162 164
136 135
82 81 180
99 215
178 28
111 110 164
127 125 133
201 32
200 137 88
174 173 203
51 123 139
123 122 124 202
20
53 119
119 118 82 84
172 21
129 128 131
55 70
70 69 121 86
179 178
57 175 23 134
175 212
23
160 159 161
59 201
158 26
61 144 175 176 211
144 233
176 213
63 20
222 25
65 132 177
177 214
164 22
67 206
165 36
69 182
86 85
71 138
138 232
72 71
73 140 207
207 147
204 225
75 141 183 184
183 217
184 218
77 186 187 212
212 227
226 34
79 23
173 208
209 22
81 189
189 188
180 30
83 38
85 228
228 36
87 148
88 87
89 149
90 89
171 170
221 24
185 184
215 23
219 30
103 209
106 228
227 26
109 108 80
230 28
112 226
115 229
229 36
118 225
225 34
216 147
133 222
224 223
205 34
135 236
232 231
143 142
233 231
145 144
147 146
24
199 221
26
21
22
213 228
170 231
231 234
25
223 229
234 38
237 234
