#adjlist.py
# GMT Tue May 17 12:03:42 2022
# 
1 95
95 53
2 96
96 93
3 91
91 89
10 56 101 117 118 120 125 128 135 124 100 11
56 119 121 171 172 176 169
101 180
117 13
118 13
120 19
125 23
128 25
135 29
124 123
100 99 102 103 127 131 134 137 141
11 10
12 61 118 120 172 176 124 169
61 101 119 122 125 128 135 171 100
172 209
176 133
169 168
13 12
14 54 69 82 105 155 156 170 193 196 203 204 184
54 104 181 179
69 145
82 153 154 158 194 195 198 199 201
105 186
155 39
156 39
170 190
193 212
196 161
203 214
204 211
184 183
15 14
16 55 80 150 151 152 157 163 195 201 202 205 161 145
55 170 185 184
80 153 156 193 199 204 206
150 159
151 159
152 37
157 41
163 47
195 212
201 214
202 214
205 211
161 160
145 144 148 147
17 16
18 58 120 172 176 124 169 129
58 101 117 121 122 125 171 100
129 128 135
19 18
20 57 101 117 100
57 123 171 176 169 126 129
21 20
22 59 110 115 132 138 139 175 207 178 143 188
59 106 127 173 174 126 129
110 216
115 217
132 27
138 29
139 31
175 210
207 186
178 177
143 142 183 182 192
188 187
23 22
24 63 110 112 114 115 132 175
63 108 109 113 131 139 174 207 178 143 188
112 136
114 136
25 24
26 60 75 109 111 113 115 132 162 173 140
60 112 134 207 178 143 189
75 200
109 130
111 216
113 136
162 45
173 210
140 139
27 26
28 62 116 179 143 189
62 108 114 137 173 208 140
116 217
179 177
189 187
29 28
30 65 68 76 144 148 193 202 204 179 184 189
65 141 142 208 182 140 192
68 147
76 151 196 205
144 35
148 84
31 30
32 67 70 78 104 150 157 193 196 203 204 179 184 51
67 105 191 189 182
70 144 148 147
78 151 154 197 205 206
104 186
51 50
33 32
34 72
72 146 149
35 34
36 73 77
73 6
77 152
37 36
38 74 79 206
74 9
79 155
206 211
39 38
40 81 86 194
81 157
86 4
194 212
41 40
42 87 150 199
87 7
199 213
43 42
44 97 197 198
97 5
197 161
198 161
45 44
46 85 98
85 163
98 8
47 46
48 71 90 165 147
71 144 148
90 164
165 49
147 146 149
49 48
50 64 94 138 167 168 180
64 99 102 103 107 127 131 134 137 141 173 174 133
94 166
167 51
168 190
180 177 183
52 66 106 107 110 111 115 116 209 210
66 31
106 215
107 215
209 21
210 25
53 52 177 181 183 185 187 191 11 13 19 35 49
177 15
181 15
183 17
185 17
187 33
191 33
119 13
121 19
171 209
123 21
126 125
122 19
127 23
174 210
134 27
108 130
137 29
208 207
131 25
99 192
102 182
103 186
141 31
133 132 139
142 31
182 181
192 191
146 35
149 84
6
9
200 213
154 37
153 37
158 43
83 158 160 200 211 212 214
160 45
211 39
212 41
214 47
84 83 162 199 37
4
7
88 164
164 49
89 88 165
92 166
166 51
93 92 167
5
8
186 185
215 23
130 128
216 27
136 135 138
217 29
159 158
190 187
213 43
