#adjlist.py
# GMT Tue May 17 12:03:42 2022
# 
1 52
52 90
2 53
53 91
3 54
54 92
10 55 101 102 111 112 139 158 161 116 131 11
55 104 113 172 184 185 189
101 13
102 19
111 193
112 13
139 23
158 25
161 29
116 115
131 130 132 133 134 135 136 137 138
11 10
12 56 101 102 172 185 116 189
56 104 111 114 139 158 161 184 131
172 210
185 155
189 188
13 12
14 57 58 59 107 108 118 170 177 178 179 180 195
57 105 198 192
58 128
59 106 110 165 173 174 175 176 206
107 39
108 205
118 39
170 214
177 168
178 203
179 213
180 212
195 194
15 14
16 63 64 103 109 117 121 124 169 174 176 182 168 128
63 178 204 195
64 106 107 179 180 183 206
103 166
109 166
117 37
121 41
124 47
169 214
174 213
176 214
182 212
168 167
128 127 129 152
17 16
18 68 102 172 185 116 189 159
68 111 112 113 114 139 184 131
159 158 161
19 18
20 72 111 112 131
72 115 184 185 189 140 159
21 20
22 75 145 147 154 156 163 171 201 191 142 208
75 134 143 186 187 140 159
145 217
147 218
154 27
156 31
163 29
171 211
201 200
191 190
142 141 194 197 199
208 205
23 22
24 78 122 145 147 154 171
78 119 120 123 135 156 186 201 191 142 208
122 162
25 24
26 81 82 119 120 146 147 154 164 187 157 43
81 122 136 191 142 202 208
82 207
119 160
120 162
146 217
164 45
187 211
157 156
43 42
27 26
28 84 148 192 142 202
84 93 123 137 187 209 157
148 218
192 190
202 200
29 28
30 60 61 62 127 129 169 179 180 192 195 202
60 138 141 209 157 197 199
61 152
62 109 177 182
127 35
129 100
31 30
32 65 66 67 103 105 121 170 177 179 180 192 195
65 108 196 202 199
66 127 129 152
67 109 110 181 182 183
105 205
33 32
34 69
69 151 153
35 34
36 73 74
73 4
74 117
37 36
38 76 77 183
76 5
77 118
183 212
39 38
40 79 80 173
79 121
80 6
173 213
41 40
42 83 103 206
83 7
206 215
44 85 175 181
85 8
175 168
181 168
45 44
46 86 87
86 124
87 9
47 46
48 88 89 126 152
88 127 129
89 150
126 49
152 151 153
49 48
50 70 71 125 163 188 193
70 130 132 133 134 135 136 137 138 144 186 187 155
71 149
125 51
188 203
193 190 194
51 50
90 95 190 194 196 198 200 204 11 13 19 51 49 35
91 96 125
92 97 126
104 13
113 19
184 210
114 19
198 15
106 37
110 37
165 43
138 31
141 31
209 208
197 196
199 198
204 17
196 33
151 35
153 100
130 197
132 199
133 205
134 23
135 25
136 27
137 29
144 216
186 211
155 154 156
149 51
115 21
140 139
4
143 216
5
123 160
6
207 215
7
93 94
8
9
150 49
95 98 143 144 145 146 147 148 210 211
190 15
194 17
200 33
96 149
97 150
94 162
162 161 163
98 31
210 21
211 25
99 165 167 207 212 213 214
167 45
212 39
213 41
214 47
100 99 164 206 37
166 165
205 204
160 158
216 23
217 27
218 29
203 200
215
