#adjlist.py
# GMT Tue May 17 12:03:42 2022
# 
1 578
578 579
2 592
592 593
3 585
585 586
4 634
634 635
5 454
454 455
6 458
458 459
7 470
470 471
8 441
441 442
9 614
614 615
10 787
787 788
11 802
802 803
12 794
794 795
13 856
856 857
14 872
872 873
15 864
864 865
16 824
824 825
17 444
444 445
18 832
832 833
19 518
518 519
20 528
528 529
21 523
523 524
22 561
561 562
23 431
431 432
24 428
428 429
25 551
551 552
26 782
782 783
27 695
695 694 902
28 695
29 436
436 437
30 702
702 703
31 447
447 448
32 2085
2085 2086
33 2088
2088 2089
34 680
680 681
35 690
690 691
85 452 2226
452 453
2226 2895
86 85 141
141 839 846
87 457 758
457 765 464 469 476 488
758 759
88 87 95 151
95 493 643
151 911 918
89 461 762
461 462
762 763
90 89 96 150
96 494 511
150 908 914
91 466 743
466 467
743 744
92 91 97 153
97 498 505
153 925 932
93 473 746
473 474
746 747
94 93 98 152
98 499 628
152 922 928
493 649 497 513
643 644
494 495
511 647 513 675
498 626 502 667
505 506
499 500
628 629 667 671
99 577
577 1408
100 99 2284
2284 2286
101 581 605
581 582
605 606
102 101 124
124 707 725
103 588 599
588 589
599 600
104 103 125
125 711 719
105 595 602
595 596
602 603
106 105 126
126 715 722
107 617 623
617 618
623 624
108 107 127
127 734 740
109 637 651
637 638
651 652
110 109 128
128 752 767
111 665
665 1316
112 111 2280
2280 2282
113 116
116 115 1118
114 113
115 684
684 118
1118 1117
117 685
685 687
118 117 119
119 686
686 687 2954
120 123
123 122
121 120 2919
2919 1118 2093
122 688
688 689
707 708
725 726
711 712
719 720
715 716
722 723
734 735
740 741
752 753
767 768
129 781
781 2536
130 129 2272
2272 2274
131 790 816
790 791
816 817
132 131
133 798 810
798 799
810 811
134 133
135 806 813
806 807
813 814
136 135
137 827 849
827 828
849 850
138 137
139 835 843
835 836
843 844
140 139
839 840
846 847
142 859 885
859 860
885 886
143 142
144 867 879
867 868
879 880
145 144
146 875 882
875 876
882 883
147 146
148 899
899 1080
149 148 2276
2276 2278
908 909
914 915
911 912
918 919
922 923
928 929
925 926
932 933
154 936 401
936 937
401 400 952
155 154
156 940 385
940 941
385 384 948
157 156
158 944 397
944 945
397 396 950
159 158
160 958 399
958 959
399 398 962
161 160
162 967 383
967 968
383 382 971
163 162
164 984
984 2536
165 164 2264
2264 2266
166 1002 1020
1002 1003
1020 1021
167 166
168 1006 1014
1006 1007
1014 1015
169 168
170 1010 1017
1010 1011
1017 1018
171 170
172 1027 387
1027 1028
387 386 1043
173 172
174 1031 391
1031 1032
391 390 1039
175 174
176 1035 389
1035 1036
389 388 1041
177 176
178 1048 1064
1048 1049
1064 1065
179 178
180 1052 393
1052 1053
393 392 1060
181 180
182 1056 395
1056 1057
395 394 1062
183 182
184 1078
1078 1080
185 184 2268
2268 2270
186 1088 291
1088 1089
291 290 1345 1422
187 186
188 1091 293
1091 1092
293 292 1137 1330
189 188
190 299 1341
299 298 1094 1347
1341 1342
191 190
192 295 1138
295 294 1095 1328
1138 1139
193 192
194 297 1335
297 296 1096 1349
1335 1336
195 194
196 1099 1127
1099 1379 1105
1127 1128
197 196
198 1100 1126
1100 1101
1126 1376 1130 2054
199 198
200 1102 1370
1102 1103
1370 1371 2054
201 200
202 1106 289
1106 1107
289 288 1401
203 202
204 281 1131
281 280 1109 1399
1131 1132
205 204
206 1112
1112 1113
207 206 1119
1119 211
208 1115 1468
1115 1116
1468 1470 2082
209 208
210 1120
1120 1121
211 210
212 1124 1136
1124 1125
1136 2925
213 212 2936 1617 2692 2696 1701 2949 2105 2063
2936 2937
1617 1616 1605
2692 1632
2696 1648
1701 1700 2950
2949 2950
2105 2104 2950
2063 2062
214 1147 1167
1147 1148
1167 1168 2334
215 214
216 1152 1161
1152 1153
1161 1162 2322
217 216
218 1157 1164
1157 1158
1164 1165 2328
219 218
220 1175 1179
1175 2298 2551
1179 1180
221 220
222 1177 1181
1177 1178
1181 2292 2552
223 222
224 1186 1206
1186 1187
1206 1207 2316
225 224
226 1191 1200
1191 1192
1200 1201 2304
227 226
228 1196 1203
1196 1197
1203 1204 2310
229 228
230 1223 1224
1223 2565
1224 1225
231 230
232 1226
1226 1227
233 232 2256
2256 2258
234 1235 1311
1235 1236
1311 2600
235 234
236 1238 1258
1238 1239
1258 1259 1445
237 236
238 1243 1252
1243 1244
1252 1253 1456
239 238
240 1248 1255
1248 1249
1255 1256 1451
241 240
242 1266 1270
1266 1438 2583
1270 1271
243 242
244 1268 1272
1268 1269
1272 1427 2584
245 244
246 1277 1297
1277 1278
1297 1298 1446
247 246
248 1282 1291
1282 1283
1291 1292 1433
249 248
250 1287 1294
1287 1288
1294 1295 1432
251 250
252 1314
1314 1316
253 252 2260
2260 2262
254 1317
1317 1713 1716
255 254
256 381 1324
381 380 1320
1324 1325
257 256
258 1354
1354 1408
259 258 2041
2041 2043
260 367 1357
367 366 2611
1357 1358
261 260
262 321 1355
321 320 2611
1355 1356
263 262
264 317 1364
317 316 2613
1364 1365
265 264
266 1362 319
1362 1363
319 318 2614
267 266
268 1369
1369 1408
269 268 2252
2252 2254
270 1391 379
1391 1392
379 378 1397
271 270
272 1406
1406 1408
273 272 2046
2046 2048
274 1466
1466 1470
275 274 2027 1573
2027 407
1573 303
276 1467
1467 1470
277 276 1646 1573
1646 333
278 1492
1492 2933
279 278 1495 2655 2658 2660 2661 2668 2671 2673 2675
1495 2656 2657 2659 2662 2669 2670 2672 2674 1697 1701
2655 1497
2658 1501
2660 1505
2661 1509
2668 1513
2671 1519
2673 1523
2675 1527
280 1528 1608
1528 1529
1608 1609 1798
1109 1111
1399 1400
282 1531 1546
1531 1532
1546 1547 1799
283 282 1384
1384 1385
284 1534 1544
1534 1535
1544 1545 1800
285 284 1382
1382 1383
286 1537 1702
1537 1538 1801
1702 1703
287 286 1374
1374 1375
288 1539 1548
1539 1540 1806
1548 1549
1401 1402
290 1554 1583
1554 1555 2732 2738 2746
1583 1584
1345 1346
1422 1424 1429 1435 1440
292 1556 1586
1556 1557 2734
1586 1587
1137 1142 1424 1440 1448 1458
1330 1331
294 1558 1625
1558 1559
1625 1626 1846 1893 2733
1095 1098 1424 1435 1448 1453
1328 1329
296 1563 1581
1563 1564
1581 1582 2735
1096 1098 2539 1144 2807 1412 1421
1349 1350
298 1566 1578
1566 1567 2737
1578 1579
1094 2537 2539 1412 1463
1347 1348
300 1570
1570 2938
301 300
302 1574
1574 2082
303 302
304 307 1698
307 306 2116 2814
1698 1699
305 304
306 1593
1593 1594
2116 2115
2814 2111
308 1596
1596 1597
309 308 2951
2951 2107
310 313
313 312
311 310
312 1601 1602
1601 1607
1602 1603
314 1619
1619 1620
315 314
316 1633 1756
1633 1634
1756 2716
2613 1367
318 1635 1780
1635 1636
1780 2717
2614 1367
320 1637 1754
1637 1638
1754 1773 1788 2715
2611 1360
322 1642
1642 1643
323 322
324 327
327 326
325 324
326 329 1763
329 328
1763 1764
328 331
331 330
330 1644 1721
1644 1645
1721 355 427
332 337 1761
337 336 2944 2030 2806 2993
1761 1762
333 332
334 1687 2345
1687 1750 1752 2712 2805 2816 2341
2345 2346
335 334
336 1688 403
1688 1689
403 402
2944 1686
2030 2029
2806 2039
2993 2341
338 1694
1694 1695
339 338
340 1706
1706 1707
341 340 2066
2066 417
342 345
345 344 1713
343 342
344 1715 2020
1715 2016 1719
2020 2021
1713 1712
346 1717
1717 2024 1719
347 346
348 351
351 350 2033 1767
349 348
350 353
353 352 2804
2033 2032
1767 1766
352 1727 2031
1727 1728
2031 2804
2804 2033
354 1729
1729 1730 1737
355 354
356 1759
1759 1760
357 356 1573
358 361
361 360
359 358
360 369
369 368 2033 1767
362 365
365 364
363 362
364 1765
1765 2947
366 1791 1792
1791 2720
1792 1793
368 371
371 370 2804
370 373
373 372 2033
372 1877 375
1877 1878
375 374
374 377
377 376
376 1879
1879 1881
378 1882 1887
1882 1883
1887 2744
1397 1398
380 1891 1896
1891 1892
1896 2749
1320 1321
382 1904 1913
1904 1905
1913 2752 2756 2789
971 972
384 1908 1909
1908 2750
1909 1910
948 949
386 1924 1930
1924 2759
1930 1931
1043 1044
388 1925 1929
1925 1926
1929 2760 2766 2771
1041 1042
390 1942 1947
1942 1943
1947 2773
1039 1040
392 1944 1954
1944 2770 2777 2783
1954 1955
1060 1061
394 1960 1961
1960 2782
1961 1962
1062 1063
396 1967 1979
1967 2788 2794 2799
1979 1980
950 951
398 1970 1971
1970 2790
1971 1972
962 963
400 1985 1986
1985 2798
1986 1987
952 953
402 405
405 404
404 2026
2026 2030 2806
406 2028
2028 2030 2806 2993
407 406
408 2057
2057 2949
409 408
410 2058
2058 2059
411 410
412 2060
2060 2061
413 412 1615
1615 2943
414 2064
2064 2065
415 414 1611
1611 2941 423
416 2067 2070
2067 2810
2070 2071
417 416
418 2068
2068 2069
419 418
420 2095
2095 2096
421 420
422 2101 2108
2101 2955
2108 2109
423 422
424 2102 2112
2102 2103
2112 2958
425 424
426 2113
2113 2114
427 426
429 430 549
430 435 2424 699 995 2140 2150
549 550
435 434
2424 557
699 698
995 994 1085 2355 2363
2140 2139 2963
2150 2149 2164
432 433 559
433 435 2426 904 1083 2134 2148
559 560
2426 567
904 903
1083 1082 999 2355
2134 2133 2164
2148 2147 2158 2974
434 1901
1901 1900
437 438
438 439
439 440 907
440 2417 2463 2466 2468 2473 2475 2481 2483 2485
907 986 1234 2959 2960 2134 2136 2138 2140
2417 86
2463 132
2466 134
2468 136
2473 138
2475 140
2481 143
2483 145
2485 147
442 443 465
443 2417 2550 2582 2769
465 92
2550 223
2582 245
2769 1941
445 446
446 2418 2581 2767
2418 86
2581 245
2767 1941
448 449
449 450
450 451 901
451 2418 2464 2465 2467 2474 2476 2482 2484 2486
901 992 1230 2964 2965 2966 2146 2148 2150
2464 132
2465 134
2467 136
2474 138
2476 140
2482 143
2484 145
2486 147
453 2712 2969
2712 2711
2969 2970
455 456 871
456 88
871 2485 2555 2590 2787
765 766
464 463 486 488 490 492
469 468 480 482 488 490
476 475 482 484 488 492
488 487
459 460 863
460 90
863 2483 2554 2588 2781
462 756 464 2841
756 757
2841 2840
463 478 480 482 484
478 477
480 479
482 481
484 483
486 485
490 489
492 491
467 738 469 2827
738 739
2827 2826
468 478 484 486 492
471 472 823
472 94
823 2473 2549 2579 2762
474 732 476 2837
732 733
2837 2835
475 478 480 486 490
477 2708
2708 2705
479 2707
2707 2705
481 2704
2704 2701
483 2703
2703 2701
485 2702
2702 2701
487 2700
2700 2697
489 2699
2699 2697
491 2698
2698 2697
649 650
497 496
513 512
495 641 497 2844
641 642
2844 2185
496 504 510 669 673
504 503
510 509
669 668
673 672
626 627
502 501
667 666
500 612 502 508 2832
612 613
508 507
2832 2178
501 504 515
515 514
503 277
506 621 508 671 2824
621 622
671 670
2824 2821
507 510 517
517 516
509 275
647 648
675 674
512 515 517 679 114
679 678
514 2684
2684 2683 1491 1641
516 1416
1416 1415 2683 2628 1491 1641
519 520 541
520 521 2960 2965
541 542
521 522
2960 2132
2965 2144
522 2419 2420
2419 546
2420 546
524 525 533
525 526 701 906 2138 2964
533 534
526 527
701 700
906 905
2138 2137 2962 2154
2964 2144
527 2419 2421
2421 546
529 530 537
530 531 2959 2966
537 538
531 532
2959 2132
2966 2144
532 2419 2422
2422 546
534 535 2511 2000
535 536
2511 992
2000 1999
536 2420 2422
538 539 2511 986
539 540
986 985 1998
540 2420 2421
542 543 2511 986
543 544
544 2421 2422
545 547
547 548
546 545 575
575 576
548 2427 2428
2427 100
2428 100
550 2423 904
2423 557
552 553 554
553 2423
554 555
555 2424
556 558
558 2427 2429
557 556 570
570 571
2429 100
560 2425 699
2425 567
562 563 564
563 2425 701 997 2000 2136 2146
564 565
997 996 2363
2136 2135 2962 2158
2146 2145 2154 2974
565 2426 906
566 568
568 569
567 566 573
573 574
569 2427 2430
2430 100
571 572
572 2428 2430
574 2428 2429
576 2429 2430
1408 1407
579 580 786
580 102
786 2463 2512 2542 2569 2802
582 583 207 2885
583 584
2885 2220
584 2431 2432
2431 609
2432 609
586 587 797
587 104
797 2466 2514 2543 2571 2753
589 590 2873
590 591
2873 2206
591 2431 2433
2433 609
593 594 805
594 106
805 2468 2517 2544 2574 2797
596 597 2803 2879
597 598
2803 2009
2879 2213
598 2431 2434
2434 609
600 601
601 2432 2434
603 604
604 2432 2433
606 607
607 2433 2434
608 610
610 611
609 608 663
663 664
611 2443 2444
2443 112
2444 112
613 2435 2436
2435 632
2436 632
615 616 831
616 108
831 2475 2564 2568 2776 2793
618 619 2899
619 620
2899 2896
620 2435 2437
2437 632
622 2435 2438
2438 632
624 625
625 2436 2438
627 2436 2437
629 630
630 2437 2438
631 633
633 2443 2445
632 631 658
658 659
2445 112
635 636 855
636 110
855 2481 2527 2553 2585 2758
638 639 2860
639 640
2860 2199
640 2439 2440
2439 655
2440 655
642 2439 2441
2441 655
644 645 675 2854
645 646
2854 2192
646 2439 2442
2442 655
648 2440 2442
650 2440 2441
652 653
653 2441 2442
654 656
656 657
655 654 661
661 662
657 2443 2446
2446 112
659 660
660 2444 2446
662 2444 2445
664 2445 2446
1316 1315
666 669 677 114
677 676
668 1928
1928 1927 1932 1572 1595 1618
670 673 679
672 1907
1907 1906 1911 1572 1595 1618
674 677
676 2686
2686 1572 1595 2932 2933 1641
678 2685
2685 2683 1595 1641
681 682
682 683
683 118
687 121
2954 2093
689 2919
691 692
692 693
693 2923 2939
2923 1118 1881
2939 335 355 1767
694 696
696 697
902 990 2948 2915 2917
697 2921 2945
2921 2922
2945 1726
698 1087 2353 2361
1087 1086
2353 2352 1993
2361 2360 2002
700 1087 1723
1723 1722
703 704 900
704 705
900 1001 2916 2918
705 706
706 2920 2946
2920 2922
2946 1726
708 709 2646 2890
709 710
2646 1485
2890 2889
710 2447 2448
2447 729
2448 729
712 713 2640 2869
713 714
2640 1473
2869 2867
714 2447 2449
2449 729
716 717 2642 2878
717 718
2642 1475
2878 2876
718 2447 2450
2450 729
720 721
721 2448 2450
723 724
724 2448 2449
726 727
727 2449 2450
728 730
730 731
729 728 779
779 780
731 2459 2460
2459 130
2460 130
733 2451 2452
2451 750
2452 750
735 736 2903
736 737
2903 2901
737 2451 2453
2453 750
739 2451 2454
2454 750
741 742
742 2452 2454
744 745
745 2452 2453
747 748
748 2453 2454
749 751
751 2459 2461
750 749 774
774 775
2461 130
753 754 2644 2864
754 755
2644 1481
2864 2862
755 2455 2456
2455 771
2456 771
757 2455 2457
2457 771
759 760 2851
760 761
2851 2849
761 2455 2458
2458 771
763 764
764 2456 2458
766 2456 2457
768 769
769 2457 2458
770 772
772 773
771 770 777
777 778
773 2459 2462
2462 130
775 776
776 2460 2462
778 2460 2461
780 2461 2462
2536 1080
783 784
784 785
785 2536
2512 167
2542 215
2569 237
2802 1991
788 789
789 2464 2513 2570
2513 167
2570 237
791 792 2657 2886
792 793
2657 1501
2886 2220
793 2469 2470
2469 820
2470 820
795 796
796 2465 2515 2572
2515 169
2572 239
2514 169
2543 217
2571 239
2753 1917
799 800 2656 2870
800 801
2656 1497
2870 2206
801 2469 2471
2471 820
803 804
804 2467 2516 2573
2516 171
2573 241
2517 171
2544 219
2574 241
2797 1984
807 808 2662 2880
808 809
2662 1509
2880 2213
809 2469 2472
2472 820
811 812
812 2470 2472
814 815
815 2470 2471
817 818
818 2471 2472
819 821
821 822
820 819 897
897 898
822 2491 2492
2491 149
2492 149
2549 221
2579 243
2762 1937
825 826
826 2474 2580 2764
2580 243
2764 1937
828 829 2670 2831
829 830
2670 1519
2831 2178
830 2477 2478
2477 853
2478 853
2564 231
2568 235
2776 1951
2793 1976
833 834
834 2476 2567 2774
2567 235
2774 1951
836 837 2898
837 838
2898 2896
838 2477 2479
2479 853
840 841 2669 2822
841 842
2669 1513
2822 2821
842 2477 2480
2480 853
844 845
845 2478 2480
847 848
848 2478 2479
850 851
851 2479 2480
852 854
854 2491 2493
853 852 892
892 893
2493 149
2527 179
2553 225
2585 247
2758 1921
857 858
858 2482 2526 2586
2526 179
2586 247
860 861 2659 2859
861 862
2659 1505
2859 2199
862 2487 2488
2487 889
2488 889
2554 227
2588 249
2781 1959
865 866
866 2484 2587 2779
2587 249
2779 1959
868 869 2672 2845
869 870
2672 1523
2845 2185
870 2487 2489
2489 889
2555 229
2590 251
2787 1966
873 874
874 2486 2589 2785
2589 251
2785 1966
876 877 2674 2853
877 878
2674 1527
2853 2192
878 2487 2490
2490 889
880 881
881 2488 2490
883 884
884 2488 2489
886 887
887 2489 2490
888 890
890 891
889 888 895
895 896
891 2491 2494
2494 149
893 894
894 2492 2494
896 2492 2493
898 2493 2494
1080 1079
1001 1000 1903 1923
2916 2358
2918 2366
992 991
1230 1229
990 989 1923
2948 1903
2915 2358
2917 2366
903 988 1723
988 987
905 988 1901 2353
1234 1233
909 910
910 2504 2506
2504 974
2506 974
912 913
913 2504 2505
2505 974
915 916 2842
916 917
2842 2840
917 2503 2505
2503 974
919 920 2850
920 921
2850 2849
921 2503 2506
923 924
924 2501 2502
2501 965
2502 965
926 927
927 2500 2501
2500 965
929 930 2836
930 931
2836 2835
931 2499 2500
2499 965
933 934 2828
934 935
2828 2826
935 2499 2502
937 938 2645 2891
938 939
2645 1485
2891 2889
939 2495 2496
2495 955
2496 955
941 942 2639 2868
942 943
2639 1473
2868 2867
943 2495 2497
2497 955
945 946 2641 2877
946 947
2641 1475
2877 2876
947 2495 2498
2498 955
949 2496 2498
951 2496 2497
953 2497 2498
954 956
956 957
955 954 982
982 983
957 2507 2508
2507 165
2508 165
959 960 2902
960 961
2902 2901
961 2499 2501
963 2500 2502
964 966
966 2507 2509
965 964 977
977 978
2509 165
968 969 2643 2863
969 970
2643 1481
2863 2862
970 2503 2504
972 2505 2506
973 975
975 976
974 973 980
980 981
976 2507 2510
2510 165
978 979
979 2508 2510
981 2508 2509
983 2509 2510
985 988 1087 1723 1901 2353
1998 2361
987 990
989 2512 2514 2517 2527 2762 2769 2776 2781 2787
1923 1922
991 993
993 1083 995 997
994 999 1725
999 998
1725 1724
1085 1084
2355 2354 1993
2363 2362 2002
996 999 1085 1725 2355
998 1001
1000 2513 2515 2516 2526 2764 2767 2774 2779 2785
1903 1902 2753 2758 2793 2797 2802
1003 1004 2658 2888
1004 1005
2888 2220
1005 2518 2519
2518 1024
2519 1024
1007 1008 2655 2872
1008 1009
2872 2206
1009 2518 2520
2520 1024
1011 1012 2661 2882
1012 1013
2882 2213
1013 2518 2521
2521 1024
1015 1016
1016 2519 2521
1018 1019
1019 2519 2520
1021 1022
1022 2520 2521
1023 1025
1025 1026
1024 1023 1076
1076 1077
1026 2532 2533
2532 185
2533 185
1028 1029 2671 2833
1029 1030
2833 2178
1030 2522 2523
2522 1046
2523 1046
1032 1033 2897
1033 1034
2897 2896
1034 2522 2524
2524 1046
1036 1037 2668 2823
1037 1038
2823 2821
1038 2522 2525
2525 1046
1040 2523 2525
1042 2523 2524
1044 2524 2525
1045 1047
1047 2532 2534
1046 1045 1071
1071 1072
2534 185
1049 1050 2660 2858
1050 1051
2858 2199
1051 2528 2529
2528 1068
2529 1068
1053 1054 2673 2846
1054 1055
2846 2185
1055 2528 2530
2530 1068
1057 1058 2675 2855
1058 1059
2855 2192
1059 2528 2531
2531 1068
1061 2529 2531
1063 2529 2530
1065 1066
1066 2530 2531
1067 1069
1069 1070
1068 1067 1074
1074 1075
1070 2532 2535
2535 185
1072 1073
1073 2533 2535
1075 2533 2534
1077 2534 2535
1079 1081
1081 255
1082 1085 1725 2363
1084 2920
1086 2921
1089 1090 1339
1090 2537 2539 2051 1410 1448 1453 1458
1339 1340
2537 1098
2539 1142
2051 2050
1410 1409
1448 1447
1453 1452
1458 1457
1092 1093 1318
1093 2537 2051 1410 1429 1435 1453
1318 1319
1429 1428
1435 1434
1412 1411
1463 1462
1098 1097
1424 1423
1144 1143
2807 2051
1421 1420
1097 2125 2540
2125 2127
2540 1144
1379 1380
1105 1104
1101 285 1105
1103 283 1105 1130
1130 1129
1104 1111
1111 1110
1107 1108 1389
1108 1111 1135 2056
1389 1390
1135 1134
2056 2055
1110 2924
2924 2541
1113 1114
1114 1123
1123 1122 1690 2116 2958
1116 2538
2538 1123
1117 211 333 407
1121 2538
1122 213 2935 1607 1613 2691 2695
2935 2937
1607 1606 1605
1613 1612 1605
2691 1632
2695 1648
1690 339 1697 2810 419 2107 2955
2958 2118 2122
1125 2924
1376 1377
2054 2053
1128 287 1130 2054
1129 1135
1132 1133 1395
1133 1135 2056
1395 1396
1134 2925
2925 2541
1142 1141
1440 1439
1139 1140 1322
1140 1142 2807 1410 1429 1440 1458
1322 1323
1141 2540 2813
2813 2111
1143 1145 1231 1230 1234
1145 1146 1151 1156 1174 1176 1185 1190 1195 1222
1231 1232 1237 1242 1247 1265 1267 1276 1281 1286
1146 215
1151 217
1156 219
1174 221
1176 223
1185 225
1190 227
1195 229
1222 231
1148 1149 2988
1149 1150
2988 2989
1150 2545 2546
2545 1171
2546 1171
1153 1154 2984
1154 1155
2984 2985
1155 2545 2547
2547 1171
1158 1159 2986
1159 1160
2986 2987
1160 2545 2548
2548 1171
1162 1163
2322 2323
1163 2546 2548
1165 1166
2328 2329
1166 2546 2547
1168 1169
2334 2335
1169 2547 2548
1170 1172
1172 1173
1171 1170 1218
1218 1219
1173 2560 2561
2560 1221
2561 1221
2298 2299
2551 1183
1178 2551 2971
2971 2972
1180 2552 2976
2552 1183
2976 2977
2292 2293
1182 1184
1184 2560 2562
1183 1182 1213
1213 1214
2562 1221
1187 1188 2982
1188 1189
2982 2983
1189 2556 2557
2556 1210
2557 1210
1192 1193 2978
1193 1194
2978 2979
1194 2556 2558
2558 1210
1197 1198 2980
1198 1199
2980 2981
1199 2556 2559
2559 1210
1201 1202
2304 2305
1202 2557 2559
1204 1205
2310 2311
1205 2557 2558
1207 1208
2316 2317
1208 2558 2559
1209 1211
1211 1212
1210 1209 1216
1216 1217
1212 2560 2563
2563 1221
1214 1215
1215 2561 2563
1217 2561 2562
1219 2562 2563
1220 2565 2991
2565 233
2991 2992
1221 1220 2288 2566
2288 2289
2566 233
1225 2566
1227 1228
1228 1316
1229 2567 2570 2572 2573 2580 2581 2586 2587 2589
1232 235
1237 237
1242 239
1247 241
1265 243
1267 245
1276 247
1281 249
1286 251
1233 2568 2569 2571 2574 2579 2582 2585 2588 2590
1236 2599
2599 253
1239 1240
1240 1241
1241 2575 2576
2575 1262
2576 1262
1244 1245
1245 1246
1246 2575 2577
2577 1262
1249 1250
1250 1251
1251 2575 2578
2578 1262
1253 1254
1456 2638 2871
1254 2576 2578
1256 1257
1451 2637 2881
1257 2576 2577
1259 1260
1445 2635 2887
1260 2577 2578
1261 1263
1263 1264
1262 1261 1309
1309 1310
1264 2595 2596
2595 1313
2596 1313
1438 2633 2834
2583 1274
1269 2583
1271 2584
2584 1274
1427 2630 2825
1273 1275
1275 2595 2597
1274 1273 1304
1304 1305
2597 1313
1278 1279
1279 1280
1280 2591 2592
2591 1301
2592 1301
1283 1284
1284 1285
1285 2591 2593
2593 1301
1288 1289
1289 1290
1290 2591 2594
2594 1301
1292 1293
1433 2632 2843
1293 2592 2594
1295 1296
1432 2631 2852
1296 2592 2593
1298 1299
1446 2636 2861
1299 2593 2594
1300 1302
1302 1303
1301 1300 1307
1307 1308
1303 2595 2598
2598 1313
1305 1306
1306 2596 2598
1308 2596 2597
1310 2597 2598
2600 253
1312 2600 2628 2900
2628 1418
2900 2896
1313 1312 2599 2627
2627 1418
1315 255
1716 347
1319 2601 2602
2601 1333
2602 1333
1321 2601 2603
2603 1333
1323 2601 2604
2604 1333
1325 1326
1326 1327
1327 2602 2604
1329 2602 2603
1331 2603 2604
1332 1334
1334 2926 2609
1333 1332
2926 2609 2610
2609 259
1336 1337 1461
1337 1338
1461 1463 1487
1338 2605 2606
2605 1352
2606 1352
1340 2605 2607
2607 1352
1342 1343 1419
1343 1344
1419 2807 1421 1487
1344 2605 2608
2608 1352
1346 2606 2608
1348 2606 2607
1350 2607 2608
1351 1353
1353 2926 2610
1352 1351
2610 259
1356 2235 2612
2235 2236
2612 1360
1358 2612
1359 1361
1361 2927 2615
1360 1359
2927 2615 2616
2615 269
1363 2245 2613
2245 2246
1365 2240 2614
2240 2241
1366 1368
1368 2927 2616
1367 1366
2616 269
1371 1372
1372 1373
1373 2617 2618
2617 1387
2618 1387
1375 2617 2619
2619 1387
1377 1378
1378 2617 2620
2620 1387
1380 1381
1381 2618 2620
1383 2618 2619
1385 2619 2620
1386 1388
1388 2928 2625
1387 1386
2928 2625 2626
2625 273
1390 2621 2622
2621 1404
2622 1404
1392 1393
1393 1394
1394 2621 2623
2623 1404
1396 2621 2624
2624 1404
1398 2622 2624
1400 2622 2623
1402 2623 2624
1403 1405
1405 2928 2626
1404 1403
2626 273
1407 1713 1716
1409 1414 1444 1494 1517
1414 1413
1444 1443
1494 1493
1517 1516
1411 1414
1413 2929
2929 2930
1415 2627
2683 1572
1491 1490 2931 2105
1641 323
1417 2929
1418 1417
1487 1486
1420 1426 1431 1437 1442 1444 1450 1455 1460
1426 1425
1431 1430
1437 1436
1442 1441
1450 1449
1455 1454
1460 1459
1423 1426 1521
1521 1520
1425 2630
2630 2629
2825 2821
1428 1431 1465 1499
1465 1464
1499 1498
1430 2631
2631 2629
2852 2192
2632 2629
2843 2185
1434 1437 1479 1507
1479 1478
1507 1506
1436 2632
2633 2629
2834 2178
1439 1442 1525
1525 1524
1441 2633
1443 2635
2635 2634
2887 2220
2636 2634
2861 2199
1447 1450 1477 1511
1477 1476
1511 1510
1449 2636
2637 2634
2881 2213
1452 1455 1489 1515
1489 1488
1515 1514
1454 2637
2638 2634
2871 2206
1457 1460 1483 1503
1483 1482
1503 1502
1459 2638
1462 1465 1477 1479 1483 1515 1517
1464 2648
2648 2647
1470 1469 279 2011
2082 2081 335 363 2947
1469 1471 2639 2641 2643 2645
1471 2640 2642 2644 2646 2695 2696
2011 2012
1472 2648
1473 1472
1474 2649
2649 2647
1475 1474
1476 2649
1478 2650
2650 2647
1480 2650
1481 1480
1482 2651
2651 2647
1484 2651
1485 1484
1486 1489 1494 1499 1503 1507 1511 1521 1525
1488 2653
2653 2652
1490 2820 2932 2951
2820 2116
2932 2653
2931 1709
2933 2654
1493 2654
2654 2652
1697 1696 2952
1496 2664
2664 2663
1497 1496
1498 2664
1500 2665
2665 2663
1501 1500
1502 2665
1504 2666
2666 2663
1505 1504
1506 2666
1508 2667
2667 2663
1509 1508
1510 2667
1512 2677
2677 2676
1513 1512
1514 2677
1516 2678
2678 2676
1518 2678
1519 1518
1520 2679
2679 2676
1522 2679
1523 1522
1524 2680
2680 2676
1526 2680
1527 1526
1529 1530 1826
1530 2681 2682 2687 1599 2690 2710 2094
1826 2724
2681 1542
2682 1552
2687 1576
1599 1598
2690 1614
2710 1705
2094 421
1532 1533 1827
1533 2681 2687 1599 1692 2812
1827 2726 2728 2741
1692 1691
2812 2094
1535 1536 1839
1536 2681 2687 2690 2709 1705
1839 2730
2709 1692
1705 341
1538 1542 2682 1576 2688 1610 1614 2709
1801 1819 1803 2730
1542 1541
1576 1575
2688 1599
1610 415
1614 413
1540 1542
1806 2723
1541 1543
1543 2935 2942 2695 419
2942 1810
1545 2682 2688 2689 2812
1800 1836 1803 2729 2741
2689 1610
1547 1552 2689 1614 2710
1799 1805 2724 2727
1552 1551
1549 1550 1797
1550 1552 1576 2688 2689 2690 2709 1705 2094
1797 2722
1551 1553
1553 2936 2940 2696 411 425
2940 1810
1555 1562 1669 2098
2732 1859
2738 1874
2746 2745
1562 1561
1669 1668
2098 2097
1557 1562 1622 1657 1665
2734 1864
1622 1621
1657 1656
1665 1664
1559 1560 1849 1857 2734
1560 1562 1590 1622 1657 1661
1849 1850
1857 1856 2731 2739
1590 1589
1661 1660
1561 1569
1569 1568
1564 1565 2736
1565 1653 1676 1569 2100
2736 1870
1653 1655 1659 1663 1667 1671 1673 1680 1682
1676 1678
2100 2099
1567 1569 1624 1630 1675 2100
2737 1874
1624 1623 419
1630 1629
1675 1674
1568 301 311 417
2938 1709
1571 357 2037
2037 2039
1572 1571
1575 1577
1577 305 427
1579 1580 1868 2738 2739
1580 1592 1652 1669
1868 1867 2736 1895
2739 1874
1592 1591
1652 1651
1582 1592 1624 1630
2735 1870
1584 1585 2731 1868 2737
1585 1590 1622 1628 1652 1675
2731 1859
1628 1627
1587 1588 1862 1857 2733 2746
1588 1590 1628 1650 1661 2098
1862 1864
2733 1864
1650 1649
1589 1592
1591 305
1594 1617
1595 309 1144 2949 2063
1597 1617
1598 1600
1600 311
1603 1613
1604 2940
1605 1604
1606 2941
2941 1810
1609 1610 1692
1798 1805 2725 2726
1612 2942
2943 1810
1616 2943
1618 315 2127
2127 2126
1620 2693
2693 325
1621 1624
1623 2691
1626 1628 1650 1665 2098
1846 1847
1893 2745
1627 1630
1629 2692
1631 2693 2694
2694 325
1632 1631 1845
1845 1844
1634 1755 1787 1640 2715 1782
1755 1758
1787 1790
1640 1639
2715 1758
1782 1781 2718
1636 1640 2718
2718 1784
1638 1770 1640 2716 1782
1770 1771
2716 1758
1639 2693
1643 2694
1645 2944
1647 2698 2699 2700 2702 2703 2704 2706 2707 2708
2706 2705
1648 1647
1649 1655 1671
1655 1654
1671 1670
1651 1655 1659 1663 1667
1659 1658
1663 1662
1667 1666
1673 1672
1680 1679
1682 1681
1654 2698
1656 1659 1680
1658 2699
1660 1663 1673 1678
1678 1677
1662 2700
1664 1667 1682
1666 2702
1668 1671 1673 1680 1682
1670 2703
1672 2704
1674 1678
1677 2706
1679 2707
1681 2708
1683 1686 355 363 411 419
1686 1685
1684 1683
1685 335
1750 1751
1752 1753
2805 2036
2816 2815
2341 2340
1689 2712
2810 2073
2107 2106 2952
2955 2957
1691 1693
1693 339
1695 2713 2819
2713 2711
2819 2815
1696 2713 2814
2952 2811
1699 2713 2714 2063
2714 2711
1700 2714
2950 2808
1703 1704 1815
1704 2710 2812
1815 1816 1884 2729
1707 2820 2714 2818
2818 2815
1708 343
1709 1708 1710 2040 2045
1710 1711
2040 2043
2045 2048
1711 343
1712 1714
1714 2939
2016 2017
1719 1718
2024 2023
1718 1720
1720 2923
1722 2945
1724 2946
1726 349
1728 355
1730 1731 1733 1735 1742 2803
1737 1738 1740 1744 1746 1748
1731 1732
1733 1734
1735 1736
1742 1743
1732 207
1734 275
1736 277
1738 1739
1740 1741
1744 1745
1746 1747
1748 1749
1739 1928
1741 1907
1743 2686
1745 2685
1747 1416
1749 2684
1751 986
1753 992
1773 1774
1788 1790
1758 1757
1757 2300 1769
2300 2302
1769 1768
1760 359
1762 359 2084 2816
2084 2083
1764 359
2947 1767
1766 1769 1779 1786 1795 1812 1845
1779 1778
1786 1785
1795 1794
1812 1811
1768 265
1771 1772
1772 1777
1777 1776
1774 1775
1775 1777
1776 2294 1779
2294 2296
1778 263
2717 1784
1781 2717
1783 2306 1786
2306 2308
1784 1783
1785 267
1790 1789 2721
1789 2720
2720 2719
2721 2719
1793 2721
1794 1796
1796 261
2722 1808
1805 1804 2723 1886
2725 1829
2726 1829
2724 1829
2727 1833
1836 1837
1803 1802 2725 2727
2729 1841
2741 2740
1819 1820
2730 1841
1802 1805 2724 2728
2728 1833
1804 2722
2723 1808
1886 1885 2744
1807 2364 1814
2364 2366
1814 1813
1808 1807
1809 1812
1810 1809 2693 2694
1811 1814 1825 1831 1835 1843 1889
1825 1824
1831 1830
1835 1834
1843 1842
1889 1888
1813 203
1816 1817
1884 2740
1817 1818
1818 1823
1823 1822
1820 1821
1821 1823
1822 1994 1825
1994 1996
1824 197
1828 2356 1831
2356 2358
1829 1828
1830 205
1832 2007 1835
2007 2009
1833 1832
1834 201
1837 1838
1838 1841
1841 1840
1840 2003 1843
2003 2005
1842 199
1844 1855 1861 1866 1872 1876 1898
1855 1854
1861 1860
1866 1865
1872 1871
1876 1875
1898 1897
1847 1848
1848 1853
1853 1852
1850 1851
1851 1853
1852 2312 1855
2312 2314
1854 193
1856 2732 1868 2737
1858 2324 1861
2324 2326
1859 1858
1860 187
1864 1863
1863 2318 1866
2318 2320
1865 189
1867 2735
1895 1894 2749
1869 2336 1872
2336 2338
1870 1869
1871 195
1873 2330 1876
2330 2332
1874 1873
1875 191
1878 1881
1881 1880
1880 209
1883 2743
2743 2742
2740 1886
1885 2743
2744 2742
1888 1890
1890 271
1892 2748
2748 2747
2745 1895
1894 2748
2749 2747
1897 1899
1899 257
1900 2948
1902 2754 2757 2792 2796 2801
2754 1917
2757 1921
2792 1976
2796 1984
2801 1991
1905 2750 2755 1978
2750 1915
2755 1919
1978 1977 2795 2800
1906 2750 2756 2788 2789 1978
2756 1919
2788 1969
2789 1969
1911 1912
1910 2751 2752 2788 1978
2751 1915
2752 1915
1912 2751 2755
1914 2754
1915 1914
1916 157
1917 1916
1918 2757
1919 1918
1920 163
1921 1920
1922 2763 2768 2775 2780 2786
2763 1937
2768 1941
2775 1951
2780 1959
2786 1966
2759 1935
1926 2759 2765 1953
2765 1939
1953 1952 2778 2784
1927 2759 2766 2770 2771 1953
2766 1939
2770 1946
2771 1946
1932 1933
2760 1935
1931 2760 2761 2770 1953
2761 1935
1933 2761 2765
1934 2763
1935 1934
1936 173
1937 1936
1938 2768
1939 1938
1940 177
1941 1940
1943 2772
2772 1949
2777 1957
2783 1964
1945 2773
2773 1949
1946 1945 2772
1948 2775
1949 1948
1950 175
1951 1950
1952 2777 2782
2782 1964
2778 1957
2784 1964
1955 2778 2782
1956 2780
1957 1956
1958 181
1959 1958
1962 2783 2784
1963 2786
1964 1963
1965 183
1966 1965
2794 1982
2799 1989
1968 2790
2790 1974
1969 1968 2791
2791 1974
1972 2791
1973 2792
1974 1973
1975 161
1976 1975
1977 2794 2798
2798 1989
2795 1982
2800 1989
1980 2795 2798
1981 2796
1982 1981
1983 159
1984 1983
1987 2799 2800
1988 2801
1989 1988
1990 155
1991 1990
1992 1996
1996 1995
1993 1992
1995 1997
1997 2416
2416 84
1999 2361
2001 2005
2005 2004
2002 2001
2004 2006
2006 2415
2415 83
2009 2008
2008 2010
2010 2414
2414 82
2012 2013
2013 2014
2014 2015
2015 2413
2413 81
2017 2018
2018 2019
2019 2412
2412 80
2021 2022
2022 2024
2023 2025
2025 2411
2411 79
2029 2805
2032 2034
2034 2036
2036 2035
2035 2410
2410 78
2039 2038
2038 2409
2409 77
2043 2042
2042 2044
2044 2408
2408 76
2048 2047
2047 2049
2049 2407
2407 75
2050 2052
2052 409
2053 2056
2055 409 2127
2059 2808
2808 2073
2061 2809
2809 2073
2062 2809 2817
2817 2815
2065 2810
2069 2811
2811 2073
2071 2107
2072 2074
2074 2075
2073 2072 2077
2077 2078
2075 2076
2076 2406
2406 74
2078 2079
2079 2080
2080 2405
2405 73
2081 2084
2083 2953
2953 2954
2086 2087
2087 2953
2089 2090
2090 2091
2091 2093
2093 2092
2092 2816
2096 2817
2097 2100
2099 423 425
2103 2820 2956
2956 2957
2104 2956
2106 2813
2109 2814
2110 2819
2111 2110
2114 2958
2115 2118 2122
2118 2117
2122 2121
2117 2119
2119 2120
2120 2404
2404 72
2121 2123
2123 2124
2124 2403
2403 71
2126 2128
2128 2129
2129 2130
2130 2402
2402 70
2131 2142
2142 2141
2132 2131
2133 2961
2961 2142
2164 2163 2156 2160 2162
2135 2961
2962 2142
2158 2157 2156 2162 2166 2168
2137 2961
2154 2153 2160 2162 2166 2228
2139 2961 2973
2973 2975
2963 2968
2141 2963 2973
2143 2967 2251
2967 2968
2251 2250 2975
2144 2143
2145 2152
2152 2151
2974 2251
2147 2152
2149 2152
2151 2967
2153 2156 2168
2156 2155 2170
2168 2167
2160 2159 2171
2162 2161
2166 2165 2169
2228 2227
2155 2822 2831 2845 2853 2859 2870 2880 2886 2898
2170 2827 2837 2841 2851 2864 2869 2878 2890 2903
2157 2160 2228
2159 2823 2833 2846 2855 2858 2872 2882 2888 2897
2171 2828 2836 2842 2850 2863 2868 2877 2891 2902
2161 2824 2832 2844 2854 2860 2873 2879 2885 2899
2163 2166 2168 2228
2165 2825 2834 2843 2852 2861 2871 2881 2887 2900
2169 2971 2976 2978 2980 2982 2984 2986 2988 2991
2167 2969 2895
2895 2894
2172 2174
2174 2175
2173 2172
2175 2176
2176 2401
2401 69
2177 2838 2908
2838 2180
2908 2262
2178 2177
2179 2181
2181 2182
2180 2179
2182 2183
2183 2400
2400 68
2184 2848 2909
2848 2187
2909 2266
2185 2184
2186 2188
2188 2189
2187 2186
2189 2190
2190 2399
2399 67
2191 2857 2910
2857 2194
2910 2270
2192 2191
2193 2195
2195 2196
2194 2193
2196 2197
2197 2398
2398 66
2198 2865 2911
2865 2201
2911 2274
2199 2198
2200 2202
2202 2203
2201 2200
2203 2204
2204 2397
2397 65
2205 2875 2912
2875 2208
2912 2278
2206 2205
2207 2209
2209 2210
2208 2207
2210 2211
2211 2396
2396 64
2212 2884 2913
2884 2215
2913 2282
2213 2212
2214 2216
2216 2217
2215 2214
2217 2218
2218 2395
2395 63
2219 2892 2914
2892 2222
2914 2286
2220 2219
2221 2223
2223 2224
2222 2221
2224 2225
2225 2394
2394 62
2227 2229
2229 2894
2894 2990
2230 2232
2232 2233
2231 2230
2233 2234
2234 2393
2393 61
2236 2237
2237 2238
2238 2239
2239 2392
2392 60
2241 2242
2242 2243
2243 2244
2244 2391
2391 59
2246 2247
2247 2248
2248 2249
2249 2390
2390 58
2250 2906 2907 2908 2909 2910 2911 2912 2913 2914
2906 2254
2907 2258
2975 2830 2839 2847 2856 2866 2874 2883 2893 2905
2254 2253
2253 2255
2255 2389
2389 57
2258 2257
2257 2259
2259 2388
2388 56
2262 2261
2261 2263
2263 2387
2387 55
2266 2265
2265 2267
2267 2386
2386 54
2270 2269
2269 2271
2271 2385
2385 53
2274 2273
2273 2275
2275 2384
2384 52
2278 2277
2277 2279
2279 2383
2383 51
2282 2281
2281 2283
2283 2382
2382 50
2286 2285
2285 2287
2287 2381
2381 49
2289 2290
2290 2291
2291 2380
2380 48
2293 2296
2296 2295
2295 2297
2297 2379
2379 47
2299 2302
2302 2301
2301 2303
2303 2378
2378 46
2305 2308
2308 2307
2307 2309
2309 2377
2377 45
2311 2314
2314 2313
2313 2315
2315 2376
2376 44
2317 2320
2320 2319
2319 2321
2321 2375
2375 43
2323 2326
2326 2325
2325 2327
2327 2374
2374 42
2329 2332
2332 2331
2331 2333
2333 2373
2373 41
2335 2338
2338 2337
2337 2339
2339 2372
2372 40
2340 2342
2342 2343
2343 2344
2344 2371
2371 39
2346 2347
2347 2348
2348 2349
2349 2350
2350 2351
2351 2370
2370 38
2352 2915
2354 2916
2358 2357
2357 2359
2359 2369
2369 37
2360 2917
2362
2366 2365
2365 2367
2367 2368
2368 36
36
37
38
39
40
41
42
43
44
45
46
47
48
49
50
51
52
53
54
55
56
57
58
59
60
61
62
63
64
65
66
67
68
69
70
71
72
73
74
75
76
77
78
79
80
81
82
83
84
2541 2540
2629 2930
2930 2931
2634 2930
2647 2934
2934 2938
2652 2934
2663 2934
2676 2934
2697 1684
2701 1684
2705 1684
2711 1709
2719 1795
2742 1889
2747 1898
2815 2118 2122
2821 2970
2970 2829 2907
2826 2972
2972 2830
2829 2173
2830 2173
2835 2977
2977 2839
2839 2180
2840 2979
2979 2847
2847 2187
2849 2981
2981 2856
2856 2194
2862 2983
2983 2866
2866 2201
2867 2985
2985 2874
2874 2208
2876 2987
2987 2883
2883 2215
2889 2989
2989 2893
2893 2222
2990 2904 2906
2896 2990
2901 2992
2992 2905
2904 2231
2905 2231
2922 2542 2543 2544 2549 2550 2553 2554 2555 2564
2937 301
2957 2818
2968 2829 2838 2848 2857 2865 2875 2884 2892 2904
2994 2918
