#adjlist.py
# GMT Tue May 17 12:03:42 2022
# 
1 97
97 126
2 98
98 396 67 271 398 400 405 407 316 63 320 417 419
3 99
99 385 386 387 388 389 390 391 392 393 394 406 416
4 100
100 127
5 101
101 128
6 102
102 129
7 103
103 130
8 104
104 131
9 105
105 132
10 106
106 133
11 107
107 134
12 108
108 135
13 359
359 58
14 268
268 51
15 317
317 54
16 260
260 49
17 38
38
18 39
39
19 40
40
20 41
41
21 335
335 56 336
22 219
219 46 220
23 291
291 52 292
24 221
221 47 222
25 59
59
26 109
109 36
27 45
45
28 110
110 37
29 358
358 57
30 209
209 44
31 266
266 50
32 207
207 43
33 314
314 53
34 205 416
205 42
416 348
35 258
258 48
55 72
72 111
60 405
405 410
61 60
62 195
195 194
63 62
64 398
398 276
65 64
66 197
197 196
67 66
68 120
120 145
69 68
70 122
122 147
71 70
111 136
73 112
112 137
74 73
75 113
113 138
76 75
77 115
115 140
78 77
79 117
117 142
80 79
81 119
119 144
82 81
83 121
121 146
84 83
85 123
123 148
86 85
87 124
124 149
88 87
89 125
125 150
90 89
91 114
114 139
92 91
93 116
116 141
94 93
95 118
118 143
96 95
126 397 422
396 373
271 270
400 369
407 371
316 315
320 319
417 364
419 362
385 322
386 195
387 276
388 197
389 322
390 195
391 276
392 197
393 239
394 249
406 304
127 151 152 153 154 155 156 157
128 401 426
129 408 427
130 418 424
131 158 391 392 395 411
132 159 390 392 395 399
133 160 164
134 161 164
135 162 164
36
37
136 301
137 169
138 246
139 177
140 172
141 179
142 345
143 181
144 348
145 236
146 249
147 166
148 304
149 239
150 175
397 373
422 428
151 166
152 169
153 172
154 175
155 177
156 179
157 181
401 369
426 369
408 371
427 371
418 364
424 364
158 389 390 399 423
395 378
411 413
159 389 391 411 423
399 402
160 385 386 387 388 412
164 163
161 433
162 389 390 391 392 395 402 413 429
301 300 302
169 168 170
246 245 247
177 176
172 171 173
179 178
345 344 346
181 180
348 347 349
236 235 237
249 248 250
166 165 167
304 303 305
239 238 240
175 174
423 429
412 430
433 378
402 378
413 433
429 433
163 182
182 193
165 183
183 198
167 184
184 205
168 185
185 199
170 186
186 207
171 187
187 200
173 188
188 209
174 189
189 38
176 190
190 39
178 191
191 40
180 192
192 41
193 201
198 204
199 206
200 208
201 45
194 202
202 210
196 203
203 211
204 212 412 413 324 427
206 213 402 278 425 426
208 214 424 425 429 366
210 215
211 216
212 414
324 323
42
213 403
278 277
425 430
43
214 431
366 365
44
215 217
216 218
414 329
403 284
431 376
217 219
218 221
46
220 223
223 225
47
222 224
224 226
225 227
226 228
227 229
228 230
229 231
230 232 393
231 233 404
232 236
233 234 394
404 284
234 246
235 241
241 251
237 242
242 258
238 243
243 252
240 244
244 260
251 257
252 259
245 253
253 261
247 254
254 266
248 255
255 262
250 256
256 268
257 263 395 412 428
259 264 396 397 67 271
261 265
262 267
263 269
428 373
48
264 398 316 409 410 63 320 362 420 421
49
265 272 399 425 426
267 273 400 401 63 320
269 274
409 424
410 322
362 361
420 426
421 427
272 403 278 404
50
273 405 409 419 421 422
51
274 280
270 96
280 285
275 281
281 286
276 275
277 279
279 282
282 287
285 69
286 289
287 76
283 288
288 74
284 283
289 290
290 291
52
292 293
293 294
294 295
295 296
296 297
297 298 415
298 299 406
415 329
299 301
300 306
306 310
302 307
307 314
303 308
308 311 312 407 408 316
305 309
309 317
310 313
311 65
312 409 410 63 320 362 420 428
313 318 411 412 427
318 414 324 415
53
315 94
54
319 92
321 326
326 330
322 321
323 325
325 327
327 331
330 333
331 55
328 332
332 71
329 328
333 334
334 335
56
336 337
337 338
338 339
339 340
340 341
341 342 432
342 343
432 376
343 345
344 350
350 354
346 351
351 358
347 352
352 355 356 417 418 419
349 353
353 359
354 357
355 61
356 420 421 422
357 360 423 424 425
360 431 366 432
57
58
361 90
363 82
364 363
365 367
367 374
374 379
368 84
369 368
370 86
371 370
372 88
373 372
379 80
375 380
380 78
376 375
377 381
381 382
378 377
382 383
383 384
384 59
430 378
