#adjlist.py
# GMT Tue May 17 12:03:42 2022
# 
1 97
97 141
2 98
98 392 66 273 396 398 403 408 317 62 319 421 423
3 99
99 380 381 382 383 384 385 386 387 388 389 404 416
4 100
100 142
5 101
101 143
6 102
102 144
7 103
103 145
8 104
104 146
9 105
105 147
10 106
106 148
11 107
107 149
12 108
108 150
13 357
357 36
14 270
270 37
15 315
315 38
16 266
266 39
17 40
40
18 41
41
19 42
42
20 43
43
21 332
332 44 333
22 219
219 45 220
23 290
290 46 291
24 221
221 47 222
25 48
48
26 109
109 49
27 50
50
28 110
110 51
29 355
355 52
30 210
210 53
31 268
268 54
32 208
208 55
33 313
313 56
34 206
206 57
35 264
264 58
59 403
403 415
60 59
61 202
202 201 436
62 61
63 398
398 276
64 63
65 204
204 203 437
66 65
67 129
129 130
68 67
69 133
133 134
70 69
71 111
111 112
72 71
73 113
113 114
74 73
75 115
115 116
76 75
77 119
119 120
78 77
79 123
123 124
80 79
81 127
127 128
82 81
83 131
131 132
84 83
85 135
135 136
86 85
87 137
137 138
88 87
89 139
139 140
90 89
91 117
117 118
92 91
93 121
121 122
94 93
95 125
125 126
96 95
141 393 431
392 375
273 272
396 371
408 373
317 316
319 318
421 359
423 361
380 325
381 202
382 276
383 204
384 325
385 202
386 276
387 204
388 241
389 251
404 305
416 347
142 151 152 153 154 155 156 157
143 397 432
144 409 433
145 419 422
146 158 386 387 391 406
147 159 385 387 391 395
148 160 164
149 161 164
150 162 164
49
51
112 300
300 299 302
114 171
171 170 173
116 246
246 245 248
118 184
184 183
120 176
176 175 178
122 187
187 186
124 342
342 341 344
126 190
190 189
128 347
347 346 349
130 236
236 235 238
132 251
251 250 253
134 166
166 165 168
136 305
305 304 307
138 241
241 240 243
140 181
181 180
393 375
431 434
151 166
152 171
153 176
154 181
155 184
156 187
157 190
397 371
432 371
409 373
433 373
419 359
422 359
158 384 385 395 417
391 367
406 410
159 384 386 406 417
395 399
160 380 381 382 383 407
164 163
161 435
162 384 385 386 387 391 399 410 424
417 424
407 425
435 367
399 367
410 435
424 435
163 192
192 199
165 167
167 193
168 169
193 194
169 206
170 172
172 195
173 174
195 196
174 208
175 177
177 197
178 179
197 198
179 210
180 182
182 40
183 185
185 41
186 188
188 42
189 191
191 43
199 200
194 205 405 407 410 412 413 433
205 411
405 321
412 321
413 323
196 207 394 399 401 402 420 432
207 400
394 278
401 278
402 280
420 425
198 209 418 419 420 424 427 428
209 426
418 363
427 363
428 365
200 50
201 211 436
211 214
436 214
203 212 437
212 217
437 217
411 323
57
400 280
55
426 365
53
214 213
217 216
213 215
215 219
216 218
218 221
45
220 223
223 225
47
222 224
224 227
225 226
227 228
226 229
229 230
228 231
231 233 390 388
230 232 402
232 234 394 389
233 236
390 282
234 246
235 237
237 255
238 239
255 256
239 264
240 242
242 257
243 244
257 258
244 266
245 247
247 259
248 249
259 260
249 268
250 252
252 261
253 254
261 262
254 270
256 263 390 391 407 434
263 271
434 375
258 265 392 393 66 273
265 398 317 414 415 62 319 361 429 430
260 267 394 395 420 432
267 400 401 402
262 269 396 397 62 319
269 403 414 423 430 431
271 274
58
414 419
415 325
361 360
429 432
430 433
39
54
37
274 282
272 96
282 281 441
275 283 438
283 288
438 288
276 275 438
277 284 439
284 76
439 76
278 277 439
279 285 440
285 74
440 74
280 279 440
281 286 441
286 68
441 68
288 287
287 289
289 290
46
291 292
292 293
293 294
294 295
295 296
296 297 413
297 298 405 404
298 300
299 301
301 309
302 303
309 310
303 313
304 306
306 311 314 408 409 317
307 308
311 64
314 414 415 62 319 361 429 434
308 315
310 312 405 406 407 433
312 411 412 413
56
38
316 94
318 92
320 326 442
326 72
442 72
321 320 442
322 327 443
327 70
443 70
323 322 443
324 328 444
328 330
444 330
325 324 444
330 329
329 331
331 332
44
333 334
334 335
335 336
336 337
337 338
338 339 428
339 340 418 416
340 342
341 343
343 351
344 345
351 352
345 355
346 348
348 353 356 421 422 423
349 350
353 60
356 429 430 431
350 357
352 354 417 418 419 420
354 426 427 428
52
36
358 82
359 358
360 90
362 368 445
368 80
445 80
363 362 445
364 369 446
369 78
446 78
365 364 446
366 376 447
376
447 378
367 366 447
370 84
371 370
372 86
373 372
374 88
375 374
377 379
379 48
378 377
425 367
448 378
