#adjlist.py
# GMT Tue May 17 12:03:42 2022
# 
1 48 120
48 92 93 94 133 216
120 164
2 49 83 86 122 186 224 220 302
49 109 123 165 282 33
83 148
86 150
122 307
186 173
224 171
220 219
302 301
3 50 165 224
50 220 302
165 268
4 82 85 224 282 166 220 302
82 148
85 150
282 28
166 165
5 51 81 157 196 203 221 226 245 254 258 264
51 103 105 143 153 168 202 208 271 272 136 297 299
81 244
157 266
196 251
203 249
221 181
226 179
245 179
254 180
258 181
264 180
6 52 112 113 188 192 276
52 275
112 148
113 150
188 290
192 171
276 22
7 53 139 162
53 197 228 240
139 256
162 161
8 54 139 228 162
54 197 240
228 173
9 55 139 228 241 162
55 197
241 240
10 56 241 229
56 197 291 140
229 228
11 57 115 183 185 199
57 95 198
115 152
183 271
185 271
199 247
12 58 114 183 184 198
58 95 96 199
114 152
184 271
198 247
13 59 184 185 198 199
59 96
14 60
60 207 223
15 131 200 201 287
131 266
200 288
201 289
287 31
16 61 75 107 128 131 151 189 206 273 274 229 138 284 287
61 98 106 119 200 201 207 214 245 223 144 291 140 294
75 76
107 156
128 303
151 252
189 160
206 173
273 19
274 20
138 137
284 29
17 63 106 109 116 155 161 168 187 190 195 230 280 246 293 220
63 99 100 123 203 210 258 264 269 282 286 223 144 256
106 154
109 244
116 154
155 175
161 36
168 178
187 227
190 227
195 167
230 37
280 26
246 245
293 35
18 66 67 68 69 70
66 39
67 41
68 43
69 45
70 47
38 71 73 79 92 93 94 101 103 105 111 120 127 133 141 168 194 200 217 232 243 265 267 283 144 33
71 123 124 126 147 149 172 211 212 213 275 276 138 277 278 279 280 281 284 285 286 287 293 235 291 237 253 140 239
73 74
79 80
92 307
93 305
94 306
101 257
103 305
105 306
111 300
127 303
133 304
141 177
194 288
217 32
232 32
243 37
265 182
267 181
283 282
144 143
33
39 38
40 72 90 91 92 97 111 122 133 141 153 170 193 194 195 196 200 204 221 232 234 243 248 264 272 273 274 275 276 277 278 279 280 281 283 145
72 125 126 127 128 129 130 131 135 157 159 163 172 174 214 215 216 217 226 230 254 260 262 284 285 246 286 287 293 297 299
90 308
91 169
97 300
153 304
170 266
193 292
204 292
234 34
248 37
272 36
275 21
277 23
278 24
279 25
281 27
145 143
41 40
42 62 81 90 91 99 107 118 126 151 170 186 191 195 201 213 226 230 232 258 222 229 275 276 277 278 279 280 281 246 290 160 132 235 28 31
62 97 98 108 109 117 121 125 130 137 153 163 202 215 217 236 238 250 260 262 255 272 273 274 284 285 142 292 295 301 145 134 257 35
99 244
118 169
126 300
191 289
213 249
222 221
290 311
160 159
132 131
235 234
28
31
43 42
44 64 84 87 88 89 118 151 176 186 187 188 191 194 209 219 222 218 255 272 136 138 278 285 246 166 110 237 239 21 22 28 33
64 77 101 102 103 104 105 107 108 111 112 113 116 122 129 163 204 205 208 234 248 250 225 273 274 233 277 279 281 301 145 132 134 231 26 29 31 35
84 148
87 150
88 253
89 154
176 270
209 290
219 295
218 217
255 254
136 135
285 30
110 109
237 236
239 238
21
22
45 44
46 65 82 83 84 85 86 87 88 89 90 91 93 94 100 102 104 107 124 189 190 191 192 193 198 199 201 205 211 212 222 218 255 225 138 110 145 132 237 239 19 21 22 23 24 28 29 30 31 35
65 111 112 113 114 115 116 117 118 119 120 121 125 206 207 208 209 210 214 215 234 248 250 229 233 295 301 134 231 20 25 26 27 257 36
100 164
102 309
104 310
124 164
205 171
211 160
212 247
225 224
19
23
24
29
30
35
47 46
216 251
123 164
143 178
202 289
208 289
271 294
297 296
299 298
197 142
240 259
291 162
140 139
95 146
96 146
207 160
223 221
98 177
119 312
214 292
294 293
108 158
117 156
121 158
125 308
130 169
137 252
163 178
215 167
236 296
238 298
250 182
260 179
262 180
142 141
292 312
295 180
301 179
134 133
257 178
210 290
269 182
286 302
256 254
77 78
129 169
233 232
231 230
26
20
25
27
36
147 261
149 263
172 270
253 252
135 311
159 177
174 268
74 242
242 240
76 242
78 303
303 259
80 251
251 250
244 243
148 147
150 149
154 153
308 33
169 168
307 257
305 309
306 310
146 143
300 34
177 176
164 163
309 261
310 263
156 155
158 157
152 151
312
266 265
304 181
311 268
252 264
178 39
261 260
263 262
175 174
268 267
167 165
171 170
270 269
173 172
179 41
180 43
181 45
182 47
227 226
289 175
288 295
247 245
249 248
32
37
34
296 37
298 182
259 258
313 270
