#adjlist.py
# GMT Tue May 17 12:03:42 2022
# 
1 63 169
63 80 105 125 127 252
169 97
2 71 79 102 117 210 255 277 232
71 86 134 170 295 22
79 307
102 99
117 114
210 154
255 168
277 276
232 231
3 58 134 255
58 277 232
134 200
4 101 116 255 295 277 232 135
101 99
116 114
295 21
135 134
5 64 89 165 179 182 188 191 194 197 226 250
64 90 94 106 126 129 245 246 284 142 292 298 282
89 264
165 204
179 74
182 74
188 75
191 75
194 76
197 76
226 260
250 202
6 54 100 115 248 258 275
54 272
100 99
115 114
248 287
258 168
275 34
7 62 123 176
62 208 215 235
123 190
176 175
8 61 123 208 176
61 215 235
208 154
9 53 123 208 236 176
53 215
236 235
10 59 209 236
59 215 291 124
209 208
11 56 121 220 221 223
56 108 222
121 110
220 284
221 284
223 181
12 57 120 219 221 222
57 107 108 223
120 110
219 284
222 181
13 55 219 220 222 223
55 107
14 60
60 212 196
15 163 233 243 294
163 204
233 279
243 286
294 31
16 65 109 143 146 147 163 211 214 240 269 209 112 290 294 302
65 132 144 161 162 179 212 216 233 243 196 271 291 91 124
109 186
143 280
146 280
147 140
211 154
214 160
240 237
269 35
112 111
290 29
302
17 67 86 94 131 132 139 175 229 230 242 261 270 180 300 232
67 88 170 172 191 197 205 226 249 285 295 190 196 91
86 264
94 73
131 130
132 130
139 138
175 30
229 183
230 183
242 136
261 37
270 23
180 179
300 24
18 48 49 50 51 52
48 39
49 41
50 43
51 45
52 47
38 66 78 80 83 94 105 106 125 126 127 143 145 157 169 199 203 233 234 239 251 263 265 267 296 91 22
66 79 84 98 113 153 170 171 213 224 225 269 270 272 274 275 285 112 289 293 294 299 300 301 178 291 228 187 124 254
78 207
80 307
83 273
105 308
106 308
125 309
126 309
127 283
145 280
157 156
199 76
203 77
234 279
239 237
251 202
263 37
265 33
267 33
296 295
91 90
22
39 38
40 70 79 80 81 83 85 127 129 150 157 167 177 191 194 217 218 233 234 242 250 259 263 265 272 275 289 290 292 293 299 300 301 302 296 92
70 82 84 96 137 141 145 146 151 152 153 159 163 165 182 184 188 192 216 241 251 252 261 267 269 270 274 180 285 294 298 282
81 310
85 273
129 283
150 95
167 204
177 26
217 288
218 288
259 37
272 27
289 32
292 30
293 28
299 36
301 20
92 90
41 40
42 69 81 84 88 89 109 147 149 150 167 182 197 210 225 242 243 244 261 265 272 275 180 195 209 287 160 289 293 299 300 301 178 164 31 21
69 82 85 86 96 111 129 148 152 161 173 174 184 192 201 227 241 246 253 267 269 274 276 189 278 158 288 290 292 302 23 92 207 128
84 273
88 264
149 95
225 260
244 286
195 194
287 305
160 159
178 177
164 163
31
21
43 42
44 68 103 105 109 118 122 125 133 149 155 210 230 231 234 238 244 247 248 274 180 189 195 112 142 292 293 268 27 34 228 87 135 254 21 22
68 78 79 83 96 100 104 106 115 119 126 131 132 144 147 151 174 177 201 218 239 240 245 257 259 276 256 289 290 299 266 301 302 35 23 92 128 164 31 262 24
103 99
118 114
122 187
133 130
155 206
231 278
238 198
247 287
274 25
189 188
142 141
268 267
27
34
228 227
87 86
254 253
45 44
46 72 81 101 102 103 104 105 116 117 118 119 122 125 133 147 150 171 172 213 214 217 222 223 224 229 238 243 244 257 258 189 195 112 256 268 35 23 27 25 34 228 87 92 254 164 32 29 28 31 21
72 82 83 100 115 120 121 131 143 148 149 162 169 173 177 201 211 212 216 241 245 247 249 259 276 278 209 142 266 207 128 30 262 36 24 20 19
104 303
119 304
171 97
172 97
213 160
224 181
257 168
256 255
35
23
25
32
29
28
47 46
215 158
107 93
108 93
291 176
124 123
212 160
196 194
235 198
252 202
90 73
245 286
246 286
284 271
298 297
282 281
144 280
161 156
162 306
216 288
271 270
98 185
113 193
153 206
170 97
285 277
187 186
205 77
249 287
190 188
96 73
151 95
174 166
201 77
276 74
266 265
128 127
262 261
24
82 310
111 186
148 140
152 95
173 166
184 74
192 75
227 297
241 136
253 281
278 75
158 157
288 306
207 73
137 200
141 305
159 156
30
36
20
19
73 39
74 41
75 43
76 45
77 47
307 207
310 22
273 26
264 263
93 90
95 94
97 96
185 184
99 98
303 185
308 303
186 191
110 109
193 192
114 113
304 193
309 304
283 76
130 129
200 199
136 134
138 137
140 139
305 200
280 198
206 205
154 153
156 155
306 206
204 203
166 165
168 167
26
181 179
183 182
198 197
202 201
260 259
297 37
279 278
237 235
286 138
281 77
37
33
311 19
