#adjlist.py
# GMT Tue May 17 12:03:42 2022
# 
1 105 388 196 423
105 308
388 452
196 195
423 387 422
2 308 315 322 329 336 343 350 357
308 306 309 400 102
315 313 316 403 112
322 320 323 406 123
329 327 330 409 134
336 334 337 412 145
343 341 344 415 156
350 348 351 418 167
357 355 358 421 178
3 366
366 289
4 364
364 456
5 363
363 456
6 360
360 287
7 370
370 293
8 383
383 457
9 384
384 454
10 389
389 452
11 368
368 289
12 369
369 291
13 450
450 455
14 448
448 303
15 378
378 299
16 362
362 287
17 376
376 299
18 446
446 301
19 391
391 453
20 372
372 293
21 373
373 295
22 394
394 439
23 445
445 303
24 371
371 293
25 379
379 440
26 396
396 439
27 382
382 457
28 375
375 297
29 443
443 303
30 392
392 453
31 442
442 455
32 381
381 440
33 386
386 454
34 441
441 455
35 388
38 106 204 306 200
106 304 116
204 213
306 110
200 199
39 38
40 107 194 304 309 307 198
107 310
194 190
304 110
309 111
307 306 116
198 197
41 40
42 108 193 399 104 422
108 398 305
193 387
399 43
104 103 309
422 198 190
43 42
44 109 192 104 400 196
109 102
192 423
400 399 305
45 44
46 117 217 313 211
117 311 127
217 226
313 121
211 210
47 46
48 118 207 311 316 314 209
118 317
207 202
311 121
316 122
314 313 127
209 208
49 48
50 119 206 402 114 424
119 401 312
206 444
402 51
114 113 316
424 209 202
51 50
52 120 205 114 403
120 112
205 425 393
403 402 312
53 52
54 128 230 320 224
128 318 138
230 239
320 132
224 223
55 54
56 129 220 318 323 321 222
129 324
220 215
318 132
323 133
321 320 138
222 221
57 56
58 130 219 405 125 426
130 404 319
219 380
405 59
125 124 323
426 222 215
59 58
60 131 218 125 406
131 123
218 427 397
406 405 319
61 60
62 139 243 327 237
139 325 149
243 252
327 143
237 236
63 62
64 140 233 325 330 328 235
140 331
233 228
325 143
330 144
328 327 149
235 234
65 64
66 141 232 408 136 428
141 407 326
232 374
408 67
136 135 330
428 235 228
67 66
68 142 231 136 409
142 134
231 429 395
409 408 326
69 68
70 150 256 334 250
150 332 160
256 265
334 154
250 249
71 70
72 151 246 332 337 335 248
151 338
246 241
332 154
337 155
335 334 160
248 247
73 72
74 152 245 411 147 430
152 410 333
245 377
411 75
147 146 337
430 248 241
75 74
76 153 244 147 412
153 145
244 431 447
412 411 333
77 76
78 161 269 341 263
161 339 171
269 278
341 165
263 262
79 78
80 162 259 339 344 342 261
162 345
259 254
339 165
344 166
342 341 171
261 260
81 80
82 163 258 414 158 432
163 413 340
258 451
414 83
158 157 344
432 261 254
83 82
84 164 257 158 415
164 156
257 433 449
415 414 340
85 84
86 172 279 348 276
172 346 182
279 438
348 176
276 275
87 86
88 173 272 346 351 349 274
173 352
272 267
346 176
351 177
349 348 182
274 273
89 88
90 174 271 417 169 434
174 416 347
271 385
417 91
169 168 351
434 274 267
91 90
92 175 270 169 418
175 167
270 435 390
418 417 347
93 92
94 183 283 355
183 353 36
283 367
355 187
95 94
96 184 282 353 358 356 367
184 359
282 365
353 187
358 188
356 355 36
367 366
97 96
98 185 281 420 180 285
185 419 354
281 437
420 99
180 179 358
285 284
99 98
100 186 280 180 421 436
186 178
280 361
421 420 354
436 285 437
101 100
102 45 398
398 43
103 307
116 115
310 111
305 304 310
110 39
111 41
112 53 401
401 51
113 314
115 315
127 126
317 122
312 311 317
121 47
122 49 439
439 37
123 61 404
404 59
124 321
126 322
138 137
324 133
319 318 324
132 55
133 57
134 69 407
407 67
135 328
137 329
149 148
331 144
326 325 331
143 63
144 65
145 77 410
410 75
146 335
148 336
160 159
338 155
333 332 338
154 71
155 73
156 85 413
413 83
157 342
159 343
171 170
345 166
340 339 345
165 79
166 81
167 93 416
416 91
168 349
170 350
182 181
352 177
347 346 352
176 87
177 89
178 101 419
419 99
179 356
181 357
36
359 188
354 353 359
187 95
188 97
189 213
213 212 393
190 189 191
191 200
387 386
195 441
197 381
199 442
201 226
226 225 397
202 201 203
203 211
425 444 424
393 392
444 443
208 375
210 382
212 425
214 239
239 238 395
215 214 216
216 224
427 380 426
397 396
380 379
221 371
223 445
225 427
227 252
252 251 447
228 227 229
229 237
429 374 428
395 394
374 373
234 372
236 391
238 429
240 265
265 264 449
241 240 242
242 250
431 377 430
447 446
377 376
247 362
249 378
251 431
253 278
278 277 390
254 253 255
255 263
433 451 432
449 448
451 450
260 369
262 368
264 433
266 438
438 361 436
267 266 268
268 276
435 385 434
390 389
385 384
273 383
275 370
277 435
361 360
437 365 367
365 364
284 363
286 297
297 296
287 286
288 291
291 290
289 288
290 295
295 294
292 440
440 37
293 292
294 454
454 301
296 457
457 303
298 453
453 301
299 298
300 37
37
301 300
302 37
303 302
456 455
452 301
455
