#adjlist.py
# GMT Tue May 17 12:03:42 2022
# 
1 107 108 201 208 215 222 229 236 243 250 310 120 416 104 207 214 221 228 235 242 249 256
107 309
108 434 101
201 415
208 373
215 379
222 385
229 391
236 397
243 403
250 409
310 43
120 119 121 316 133 116
416 505
104 103 307
207 206 258
214 213 374
221 220 380
228 227 386
235 234 392
242 241 398
249 248 404
256 255 410
2 432
432 35
3 304
304 472
4 303
303 473
5 430
430 512
6 431
431 512
7 298
298 470
8 297
297 471
9 428
428 511
10 429
429 511
11 292
292 468
12 291
291 469
13 426
426 510
14 427
427 510
15 286
286 466
16 285
285 467
17 424
424 509
18 425
425 509
19 280
280 464
20 279
279 465
21 422
422 508
22 423
423 508
23 274
274 462
24 273
273 463
25 420
420 507
26 421
421 507
27 268
268 460
28 267
267 461
29 417
417 506
30 418
418 506
31 262
262 458
32 261
261 459
33 414
414 505
34 416
36 109 205 433 489 360
109 352
205 419
433 37
489 37
360 359 372 264 266 376
37 36
38 102 110 204 306 419 360
102 305
110 433 434 352
204 260
306 39
419 418
39 38
40 105 203 308 435 360
105 307
203 497 258
308 41
435 434 352 101
41 40
42 106 202 309 435 104 360
106 310
202 207 415
309 43
43 42
44 122 212 436 490 361
122 353
212 377
436 45
490 45
361 359
45 44
46 114 123 211 312 377 361
114 311
123 436 437 353
211 375
312 47
377 376
47 46
48 117 210 314 438 361
117 313
210 498 374
314 49
438 437 353 113
49 48
50 118 209 315 438 116 361
118 316
209 214 373
315 51
116 115 313
51 50
52 135 219 439 491 363
135 354
219 383
439 53
491 53
363 362
53 52
54 127 136 218 318 383 363
127 317
136 439 440 354
218 381
318 55
383 382
55 54
56 130 217 320 441 363
130 319
217 499 380
320 57
441 440 354 126
57 56
58 131 216 321 441 129 363
131 322
216 221 379
321 59
129 128 319
59 58
60 148 226 442 492 365
148 355
226 389
442 61
492 61
365 364
61 60
62 140 149 225 324 389 365
140 323
149 442 443 355
225 387
324 63
389 388
63 62
64 143 224 326 444 365
143 325
224 500 386
326 65
444 443 355 139
65 64
66 144 223 327 444 142 365
144 328
223 228 385
327 67
142 141 325
67 66
68 161 233 445 493 367
161 356
233 395
445 69
493 69
367 366
69 68
70 153 162 232 330 395 367
153 329
162 445 446 356
232 393
330 71
395 394
71 70
72 156 231 332 447 367
156 331
231 501 392
332 73
447 446 356 152
73 72
74 157 230 333 447 155 367
157 334
230 235 391
333 75
155 154 331
75 74
76 174 240 448 494 369
174 357
240 401
448 77
494 77
369 368
77 76
78 166 175 239 336 401 369
166 335
175 448 449 357
239 399
336 79
401 400
79 78
80 169 238 338 450 369
169 337
238 502 398
338 81
450 449 357 165
81 80
82 170 237 339 450 168 369
170 340
237 242 397
339 83
168 167 337
83 82
84 187 247 451 495 371
187 358
247 407
451 85
495 85
371 370
85 84
86 179 188 246 342 407 371
179 341
188 451 452 358
246 405
342 87
407 406
87 86
88 182 245 344 453 371
182 343
245 503 404
344 89
453 452 358 178
89 88
90 183 244 345 453 181 371
183 346
244 249 403
345 91
181 180 343
91 90
92 254 454 496
254 413
454 93
496 93
93 92
94 196 253 456 413
196 454 457 199
253 411
456 95
413 412
95 94
96 192 197 252 348 351 455
192 347
197 457
252 504 410
348 97
351 199
455 454 456
97 96
98 193 251 349 191
193 350
251 256 409
349 99
191 190 200 347 457
99 98
100 306
101 100 111 305
111 433
305 39
103 308
307 41
434 489
352 120
112 312
113 112 124 311
124 436
311 47
115 314
313 49
316 51
119 315
121 437 113
133 132 134 322 146 129
437 490
353 133
125 318
126 125 137 317
137 439
317 55
128 320
319 57
322 59
132 321
134 440 126
146 145 147 328 159 142
440 491
354 146
138 324
139 138 150 323
150 442
323 63
141 326
325 65
328 67
145 327
147 443 139
159 158 160 334 172 155
443 492
355 159
151 330
152 151 163 329
163 445
329 71
154 332
331 73
334 75
158 333
160 446 152
172 171 173 340 185 168
446 493
356 172
164 336
165 164 176 335
176 448
335 79
167 338
337 81
340 83
171 339
173 449 165
185 184 186 346 195 181
449 494
357 185
177 342
178 177 189 341
189 451
341 87
180 344
343 89
346 91
184 345
186 452 178
195 194 350 191
452 495
358 195
190 348
200 351 455
347 97
457 496
350 99
194 349
199 198
198 95
415 414
497 260 419
258 257
260 259
206 497
373 372
498 375 377
374 264
375 266
213 498
379 378
499 381 383
380 270
381 272
220 499
385 384
500 387 389
386 276
387 278
227 500
391 390
501 393 395
392 282
393 284
234 501
397 396
502 399 401
398 288
399 290
241 502
403 402
503 405 407
404 294
405 296
248 503
409 408
504 411 413
410 300
411 302
255 504
257 459
459 475
259 458
458 475
263 461
461 476
264 263
265 460
460 476
266 265
269 463
463 478
270 269
271 462
462 478
272 271
275 465
465 480
276 275
277 464
464 480
278 277
281 467
467 482
282 281
283 466
466 482
284 283
287 469
469 484
288 287
289 468
468 484
290 289
293 471
471 486
294 293
295 470
470 486
296 295
299 473
473 488
300 299
301 472
472 488
302 301
359 362 378 270 272 382
362 364 384 276 278 388
378 420
382 423
372 417
376 421
364 366 390 282 284 394
384 422
388 425
366 368 396 288 290 400
390 424
394 427
368 370 402 294 296 406
396 426
400 429
370 408 300 302 412
402 428
406 431
408 430
412 432
505 475
506 476
507 478
508 480
509 482
510 484
511 486
512 488
35
475 474
476 474
478 477
480 479
482 481
484 483
486 485
488 487
474 477
477 479
479 481
481 483
483 485
485 487
487 35
