#adjlist.py
# GMT Tue May 17 12:03:42 2022
# 
1 3975 3889 2340 4746
3975 4934 2426
3889 3888 5838
2340 2339 4473 5200
4746 4745 5200
2 1662 2991 2122
1662 4933 2027 968 749
2991 2990 4473 1367
2122 2121 1367 4745
3 2942 4558 2027
2942 4934 2991 4933
4558 1367 5200 4301
2027 2026 1367 732 5465
4 3178 2340 4558 968
3178 3889 2122 5484 2027 749
968 967 732 707
5 2719 4746 3374
2719 2340 4106
3374 3373 1956
6 4017 3036 5205 3930
4017 4750 3030
3036 1061 5763
5205 5204 4984
3930 3929 4215 4984
7 633 572 2334
633 2649 3679 3683 4240
572 571 4215 4053
2334 2333 4053 5204
8 1434 3683 4562
1434 4750 572 4240
3683 3682 4053 3976 5426
4562 4053 4984 4410
9 4102 3679 4562 3930
4102 3036 2649 3683 5713 2334
3679 3678 3976 2383
10 2792 5205 3950
2792 1129 3930
3950 3949 3215
11 4497
4497 5351
12 5215
5215 5404
13 5259
5259 5336
14 4413
4413 5374
15 5038
5038 5398
16 4994
4994 5357
17 4713
4713 5377
18 2160 5188
2160 1478
5188 5365
19 2014
2014 2013
20 1082 2517
1082 1081 1555 2624 3014 3169 3412 3914 3943 4008 4129
2517 1476 2641 3129 3297 3558 2112 3813 3964
21 972 5107 5498 5499
972 971 2932
5107 4864 5495 5496
5498 1924
5499 5498 5795
22 906
906 1300
23 787
787 927
24 2638
2638 2637
25 1820 2258
1820 5385
2258 622
26 2676
2676 1018
27 3869
3869 965
28 1388
1388 1387
29 3961
3961 3219
30 1975
1975 1974
31 1231
1231 1230
32 3759
3759 1996
33 1084
1084 1083
34 1436
1436 1435
35 2479
2479 1763
36 2594
2594 3068
76 907
907 2428
77 76
78 2499 3365 4241
2499 4486 5453
3365 2716
4241 4239
79 78
80 2799 3481 4575
2799 4464 5360
3481 3217
4575 4932
81 80
82 1576
1576 1575
83 82
84 600
600 566
85 84
86 4485 4703 5270
4485 2673
4703 3151
5270 5363
87 86
88 1720
1720 3840
89 88
90 5747 5764
5747 5746
5764 5747 5748
91 90
92 1372
1372 1371
93 92
94 885
885 578
95 94
96 3263
3263 2958
97 96
98 1558 1282 1880 4351 4768
1558 3778
1282 1281
1880 1866
4351 1173
4768 5386
99 98
100 2352 4371 4673 5752 5757
2352 4554
4371 4441
4673 5096
5752 5757 5835
5757 4595
101 100
102 5500 5809
5500 5608 5809
5809 5808
103 102
104 535
535 534 4141 3458 4118
105 104
106 4809 5687 5688
4809 4963 5728 5794
5687 711
5688 5687 5789
107 106
108 2277
2277 767
109 108
110 3375
3375 2924
111 110
112 1198 4681
1198 4538 4724 5565 5765
4681 4445
113 112
114 3571 5107 5795 5499
3571 3295
5795 1924
115 114
116 4344 5145
4344 5411
5145 2675
117 116
118 4096 4923 4074
4096 5843
4923 5364
4074 3713
119 118
120 2928 4218 4523 5654 5527
2928 4312
4218 4582 4246
4523 4729
5654 5528 5527
5527 5059
121 120
122 970
970 969
123 122
124 661 4293 5742 5770
661 2968
4293 2636 5517 5649
5742 5741 5770
5770 3484
125 124
126 4565 5001
4565 5356
5001 3555
127 126
128 1609
1609 1001
129 128
130 1080 5571 5474
1080 3387
5571 5557
5474 5473 5571
131 130
132 2982 4701 5492 5820
2982 1508
4701 5021 5710 5711
5492 5585 5820
5820 2186
133 132
134 3067 4269 4246 5631 5701
3067 4311
4269 5087
4246 4245
5631 5701 5761
5701 4355
135 134
136 2944 5021 5710 5712
2944 3437
5021 4943 5590 5591
5710 5711 5712
5712 563
137 136
138 1220
1220 1219
139 138
140 1016 3188 4843 5686 5776
1016 3729
3188 3338
4843 4316
5686 5775 5776
5776 4900
141 140
142 5755 5540
5755 5541 5540
5540 5539
143 142
144 3505 4593 4924
3505 1469
4593 5372
4924 4648
145 144
146 3908
3908 2886
147 146
148 4810 5530 5664
4810 4809 5688 5789
5530 4108
5664 5530 5529
149 148
150 2791
2791 1552
151 150
152 4232 4236 4651 4949 5690 5767
4232 3240
4236 4848
4651 4531
4949 4090
5690 5689 5767
5767 5766
153 152
154 4163 4462 4674
4163 4162
4462 5451
4674 407
155 154
156 4963 5727 5728
4963 4306 5722 5821
5727 2305
5728 5727 5794
157 156
158 2860
2860 2572
159 158
160 4563 4930 5097
4563 5420
4930 2735
5097 2163
161 160
162 1856
1856 1855
163 162
164 1350 5586 5563
1350 1171
5586 5562 5563
5563 5558
165 164
166 1201 5056
1201 1737
5056 2664
167 166
168 4418 4895 5036 5285 5693 5561
4418 5287
4895 5191
5036 543
5285 727
5693 5560 5561
5561 5559
169 168
170 1917
1917 1968
171 170
172 1161
1161 2472
173 172
174 4342 547 5130
4342 285
547 546
5130 5407
175 174
176 3570
3570 3569
177 176
178 1715
1715 1346
179 178
180 2925
2925 647
181 180
182 4480 4764 4774
4480 4092
4764 5337
4774 1982
183 182
184 974
974 973
185 184
186 4581 4758 5750 5751
4581 5351
4758 1771
5750 5818
5751 5750 5819
187 186
188 5678 5683
5678 5683 5684
5683 5682
189 188
190 4906 5077 5114
4906 5420
5077 3761
5114 1958
191 190
192 822 4864 5496 5803
822 821
4864 4702 5740 5816
5496 5495 5803
5803 4150
193 192
194 5091 553
5091 5365
553 552
195 194
196 4526 4871 5737 5504
4526 5336
4871 2437
5737 5736
5504 5503 5737
197 196
198 3824
3824 3823
199 198
200 2647 4829 5265
2647 2646
4829 5352
5265 395
201 200
202 889 5473 5474
889 3221
5473 5557
203 202
204 4305 5582 5777
4305 5004 5680 5800
5582 3041
5777 5582 5581
205 204
206 3324 4334 5210 5644 5645
3324 4265
4334 4333 4213
5210 4696
5644 5138
5645 5644 5660
207 206
208 1929
1929 1845
209 208
210 1546
1546 4403 4433 4814 3017
211 210
212 4783 5026 5254
4783 1047
5026 3151
5254 5397
213 212
214 2586 5843
2586 4710
5843 3411
215 214
216 4776 4887 5378 5551 5671 5552 5578 4220
4776 4443
4887 4749
5378 4749
5551 4253
5671 4299
5552 5551 5810
5578 5577 5671
4220 4038
217 216
218 4409 3016
4409 4492
3016 3015
219 218
220 5482 5483
5482 5801
5483 5482 5786
221 220
222 4533 4825 4830 4689
4533 4170
4825 3512
4830 5371
4689 4688
223 222
224 4833 4882 4915
4833 3865
4882 2989
4915 5363
225 224
226 3426 4286 5120
3426 2109
4286 3332
5120 5411
227 226
228 4622 4901 5065 5230 5592 5799
4622 3732
4901 4927
5065 4663
5230 1625
5592 5798 5799
5799 5797
229 228
230 4392 4427 5083
4392 1364
4427 1655
5083 5355
231 230
232 4975 5222 5240
4975 2673
5222 5350
5240 3761
233 232
234 641 5611 5612
641 2755
5611 5638
5612 5611 5787
235 234
236 2945
2945 559 3921
237 236
238 4456 4762 5202
4456 5355
4762 1047
5202 4092
239 238
240 2060 3323 5003 5250 5628 5467
2060 3103
3323 3650
5003 5377
5250 3828
5628 3872
5467 3828
241 240
242 999 4294 5738 5826
999 3692
4294 4293 5741 5742
5738 5826 5825
5826 701
243 242
244 4337 4834 5146
4337 5335
4834 2163
5146 873
245 244
246 2259
2259 2380
247 246
248 3940 4990 5665 5666
3940 4616
4990 5280
5665 5067
5666 5665 5702
249 248
250 1797
1797 1205
251 250
252 1959 4564 5574 5575
1959 1076
4564 4294 5738 5825
5574 2114
5575 5574 5703
253 252
254 3760 5674 5715
3760 3591
5674 5714 5715
5715 1448
255 254
256 1789 5787 5612
1789 1788
5787 5638
257 256
258 3661
3661 2933
259 258
260 1384
1384 1383
261 260
262 3814 4942 5627 5486
3814 2020
4942 5674 5714
5627 5485 5486
5486 3492
263 262
264 2556 4517 4858
2556 1234
4517 683
4858 5356
265 264
266 3480
3480 884
267 266
268 4608 5084 5103
4608 873
5084 1982
5103 5371
269 268
270 4670 4146 5246
4670 5344
4146 3787
5246 419
271 270
272 3794
3794 1313
273 272
274 769
769 768
275 274
276 2206 4551 5779 5601
2206 5174
4551 4921
5779 5073
5601 5600 5779
277 276
278 4644 4649 1723
4644 5368
4649 155
1723 1722
279 278
280 4247 4980 5584 5651
4247 5386
4980 2577
5584 5651 5805
5651 5804
281 280
282 643
643 642
283 282
284 4048 4819 5125
4048 3597
4819 5461
5125 201
285 284
286 5322 5105 4066
5322 5411
5105 5104
4066 2779
287 286
288 4009 4522 4213 5507 5648
4009 4264
4522 4282
4213 4212 4590
5507 5648 5830
5648 5207
289 288
290 3798 4477
3798 4336 5293 5661 5662
4477 4628
291 290
292 540
540 1603
293 292
294 4521 4780 5696 5697
4521 5374
4780 1970
5696 5791
5697 5696 5792
295 294
296 3549 4505 5274 4066
3549 4262
4505 5249
5274 5356
297 296
298 2345
2345 597
299 298
300 3378 4227 5739 5726
3378 4615
4227 4385
5739 5198
5726 5725 5739
301 300
302 4782 5044
4782 2449
5044 5365
303 302
304 4397 4784 4805 5283 5751 5819
4397 2094
4784 3844
4805 4588
5283 4772
5819 5818
305 304
306 2447 5057 5700 5662
2447 4336
5057 4832
5700 5035
5662 5661 5700
307 306
308 5778 5828
5778 5824 5828
5828 5827
309 308
310 2388
2388 4000
311 310
312 5594 5788
5594 5593 5788
5788 5807
313 312
314 3691
3691 1807
315 314
316 2711 4937 5602 5532
2711 4751
4937 4860
5602 4952
5532 5531 5602
317 316
318 4306 5721 5722
4306 4305 5777 5581
5721 2588
5722 5721 5821
319 318
320 3006
3006 2329
321 320
322 3118
3118 709
323 322
324 1322
1322 1836
325 324
326 2708
2708 1419
327 326
328 4438 5784 5834
4438 5041 5603 5605
5784 5783 5834
5834 2281
329 328
330 3557
3557 1641
331 330
332 1025
1025 2597
333 332
334 2608
2608 2607
335 334
336 3051 1572 4692 5699 5573
3051 2498
1572 1571
4692 5113
5699 4432
5573 5572 5699
337 336
338 4679 1181
4679 5377
1181 1180
339 338
340 545
545 544
341 340
342 4973 5177 5216
4973 4648
5177 425
5216 5338
343 342
344 778
778 2207
345 344
346 2047 4412 2407
2047 5842
4412 5386
2407 2406
347 346
348 3708 4219 5085 5716 5508
3708 4320
4219 4218 5229
5085 5258
5716 5509 5508
5508 4341
349 348
350 1206
1206 1015
351 350
352 5523 5656
5523 5656 5657
5656 5655
353 352
354 557
557 556 1059 1098 1960 2384 2516 3366 3812 3979 4136
355 354
356 4035 4439 5743 5771
4035 3233
4439 4438 5783 5784
5743 3734
5771 5743 5744
357 356
358 1803 4702 5740 5817
1803 1802
4702 4701 5492 5585
5740 5817 5816
5817 1751
359 358
360 1093
1093 2503
361 360
362 1908
1908 2867
363 362
364 4439 5771 5744
5744 3734
365 364
366 4883 4957 5173
4883 4812
4957 5468
5173 175
367 366
368 674
674 673
369 368
370 2527
2527 2526
371 370
372 5055 5121 5458 5636 5691 5692 5596 5196
5055 5049
5121 4443
5458 5049
5636 4638
5691 4243
5692 5691 5802
5596 5595 5636
5196 4173
373 372
374 2049
2049 2048
375 374
376 1744 4719 4767 5774 5579
1744 4489
4719 5253
4767 4766 4917
5774 5580 5579
5579 5071
377 376
378 1512 2636 5516 5517
1512 3999
2636 2635
5516 4128
5517 5516 5649
379 378
380 5525 5768
5525 5524
5768 5525 5526
381 380
382 3859 5842
3859 5068
5842 3411
383 382
384 5041 5605 5604
5041 4810 5664 5529
5605 5603 5604
5604 1904
385 384
386 3082 4212 4867 5472 5793
3082 4555
4212 4371 5221
4867 4468
5472 5471 5793
5793 5029
387 386
388 4328 4548 4826 4928 5584 5805
4328 4047
4548 4370
4826 1848
4928 5093
5805 5804
389 388
390 4401 4948 4970 5172 5503 5504
4401 5159
4948 5307
4970 1178
5172 1627
5503 5736
391 390
392 3456 5004 5681 5800
3456 2777
5004 5015 5510 5658
5681 1647
5800 5680 5681
393 392
394 3304 4435 4849
3304 1622
4435 5341
4849 461
395 394
396 4300 3896
4300 4309
3896 3895
397 396
398 1598
1598 3197
399 398
400 1276 4944 5762 5610
1276 4620
4944 5237
5762 5610 5609
5610 4727
401 400
402 4667 5227 5256
4667 4170
5227 5335
5256 1958
403 402
404 2446
2446 2008
405 404
406 3773 4721 5129
3773 2417
4721 5392
5129 145
407 406
408 4372 4407 4602 5154 5731 5760
4372 5043
4407 5239
4602 2500
5154 2821
5731 5729
5760 5731 5730
409 408
410 2756 5543 5550
2756 2764
5543 5542
5550 5543 5544
411 410
412 1739
1739 2115
413 412
414 3040 551 3921
3040 4114 5131 559
551 550 1103 1676 1821 1796 2946 3309 3200
3921 3920 4890 5250 5844
415 414
416 3108 4943 5591 5629
3108 1952
4943 4942 5627 5485
5591 5590 5629
5629 3952
417 416
418 4329 4956 2760
4329 5406
4956 465
2760 1916
419 418
420 4578 4742 5693 5560
4578 626
4742 5356
5560 5559
421 420
422 4214 4880
4214 5377
4880 4064
423 422
424 4991 5002 3819
4991 271
5002 5402
3819 799
425 424
426 4226 4455 4586
4226 2989
4455 1655
4586 5397
427 426
428 4408 4789 5171 5316 5792 5697
4408 4013
4789 4788
5171 4314
5316 909
5792 5791
429 428
430 4502 5181 5592 5798
4502 1089
5181 5364
5798 5797
431 430
432 3380
3380 838
433 432
434 2805 3193 4890 5298 5822 5388
2805 3566
3193 1731
4890 3470
5298 5365
5822 3521
5388 3470
435 434
436 3079
3079 2137
437 436
438 668 4935
668 1918
4935 2565
439 438
440 4650 4818 5689 5690
4650 5404
4818 2820
5689 5766
441 440
442 4339 4511 4652 4946 5479 5745
4339 4718
4511 3676
4652 3903
4946 4580
5479 5477
5745 5478 5479
443 442
444 924 5570 5717
924 4256
5570 5569 5717
5717 5132
445 444
446 3641 4402 5564 5565
3641 4538
4402 4659
5564 4732
5565 5564 5765
447 446
448 730 5562 5586
730 1888
5562 5558
449 448
450 3376 5550 5544
3376 3111
5544 5542
451 450
452 2205
2205 887
453 452
454 2237 5015 5511 5658
2237 1349
5015 4564 5575 5703
5511 3242
5658 5510 5511
455 454
456 1289
1289 2599
457 456
458 1781 718
1781 5385
718 717
459 458
460 4876 5156 3043
4876 5442
5156 4812
3043 3042
461 460
462 3776 5163 5708 5709
3776 4621
5163 4536
5708 5064
5709 5708 5815
463 462
464 4508 5069 3071
4508 5379
5069 279
3071 1331
465 464
466 4267 4368 4657
4267 5337
4368 1364
4657 3512
467 466
468 4908 5193
4908 5350
5193 2735
469 468
470 1481 5131
1481 1516 3967
5131 5844
471 470
472 4140 4417 4903 5621 5567
4140 4824
4417 4888 4767
4903 4905
5621 5568 5567
5567 5242
473 472
474 3247 4591 4665 5469 5470
3247 4870
4591 5117
4665 4350 5052
5469 4955
5470 5469 5673
475 474
476 2507
2507 801
477 476
478 911
911 910
479 478
480 3259
3259 3724
481 480
482 3657 4350 4684 5624 5625
3657 4817
4350 4219 4971
4684 5314
5624 4966
5625 5624 5698
483 482
484 4423 4683 5730 5760
4423 4020
4683 5411
5730 5729
485 484
486 4197 5311 5478 5745
4197 5364
5311 2907
5478 5477
487 486
488 652 4598 4466 5756 5724
652 4501
4598 4353
4466 4334 4813
5756 5025
5724 5723 5756
489 488
490 2238
2238 950
491 490
492 2378
2378 820
493 492
494 959
959 1429
495 494
496 3312 4786 4917 5781 5782
3312 4547
4786 4612
4917 5126 4466
5781 4857
5782 5781 5790
497 496
498 495
499 498
500 355
501 966
966 1659
502 501 677 1738 2021 2419 2780 2698 2484
677 1832
1738 982
2021 1864
2419 2829
2780 3179
2698 1040
2484 2483
503 1939
1939 3912
504 503
505 4158
4158 4463 5149
506 505
507 5127
5127 5082
508 507
509 1403
1403 3923
510 509
511 2911
2911 2234
512 511
513 4289
4289 4288
514 513
515 3384
3384 3383 4249
516 515
517 533
533 2894
518 517
519 3810
3810 2600
520 519
521 4777
4777 5372
522 521 4593
523 2522 4238
2522 4304
4238 1397
524 523 1072 1327 1882 1063 2919 3021 3052 3210 3132 3347 2127 3822 3849 3862 4028 4103 3899 4391 4450 4490 4537 4733 4796 4993 4996 5147
1072 2241
1327 576
1882 1881 4347
1063 1062 5011
2919 2918 4285
3021 3125
3052 4185 5169
3210 2695
3132 3131 5014
3347 4126 4631
2127 2126 4556
3822 1425
3849 692
3862 786
4028 1649
4103 3237
3899 3898 4757
4391 2241
4450 3125
4490 786
4537 1649
4733 576
4796 1425
4993 692
4996 2695
5147 3237
525 1889
1889 60
526 525
527 2444
2444 3766
528 527
529 4510
4510 407
530 529 847 1839 2294 2733 3956 4091 4151 4649 4674 4956 4991 5069 5129 5177 5246
847 4325
1839 5273
2294 4851
2733 4553
3956 4998
4091 4950
4151 4672
531 381
532 531
2894 1950
534 4115
4115 705
4141 736
3458 3457 1871
4118 2827
536 4784
537 536 4398
4398 3844
538 3335
3335 1846
539 538 2369
2369 2141
1603 1602 2061 3161 3445 2078 3472 2443 3262 4804
541 357
542 3628 3878 2246 3063
3628 2604
3878 3560
2246 2245
3063 3062
543 542 3388 3477 2544 3698
3388 3039
3477 3083
2544 2543
3698 3697
544 500
546 2291
2291 5275
548 3024
3024 2788
549 548
550 2156
2156 2155 2316 3316 2232 3538 3832
1103 1600
1676 1831
1821 842
1796 866
2946 864
3309 1521
3200 818
552 2028
2028 2506
554 2006
2006 3474
555 554
556 3301
3301 3300
1059 2898
1098 3953
1960 2668
2384 4039
2516 3808
3366 4645
3812 3874
3979 929
4136 2221
558 3847
3847 4107 4169 4286 4517 2917 1566 5822 5628
559 558
560 752
752 1909
561 560 960
960 1587
562 3026
3026 3025
563 562
564 389
565 4120
4120 3207
566 565 961 1604 1370 2593 2953 2730 762 4916
961 3595
1604 2317
1370 1369
2593 3739
2953 2184
2730 2596
762 665
4916 2437
567 3460
3460 38
568 567
569 4914
4914 2467
570 569
571 5713
5713 3976
4215 4410 5426
4053 4052 2383
573 4378 4806 4884
4378 5090
4806 4271
4884 4656
574 573
575 2877
2877 4078
576 575 2310
2310 49
577 4518
4518 1078 5613 1885 5749
578 577 880 4295 4476 4803 5264
880 4669
4295 4331 4382
4476 2940 2249
4803 4802
5264 3290 919
579 5086
5086 3686
580 579 5332
5332 3686
581 4209
4209 4699
582 581 5299
5299 4699
583 327
584 4428
4428 5366
585 584
586 791
791 790
587 586
588 5692 5802
5802 4243
589 588
590 3966 4303
3966 4791
4303 5185
591 590
592 4205
4205 549
593 592
594 4296
4296 5466
595 594
596 3342
3342 3341
597 596 925 1416 4630 5115
925 1754
1416 1415
4630 5753
5115 5545 5549 3645
598 4827
4827 5291
599 598 4270
4270 5291
601 3441
3441 4192 5192
602 601 1828 2274 3450 3174 3621 4016 3690
1828 1900
2274 1685
3450 3674
3174 3173
3621 3620
4016 3927
3690 3303
603 3389 4914
3389 5095
604 603
605 2035
2035 3581
606 605 5251
5251 5362
607 65
65
608 607
609 5084
610 609 1437 1645 1696 1740 2214 2292 2405 2628 3326 3502 3508 3602 3931 3962 4156 4392 4442 4455 4533 4608 4657 4703 4774 4783 4834 4882 4930 4975 5077 5202 5256
1437 4427
1645 5097
1696 4825
1740 5114
2214 4480
2292 4833
2405 5026
2628 4667
3326 5146
3502 5240
3508 5193
3602 4485
3931 4762
3962 4368
4156 4226
4442 3865
611 5233
5233 4585
612 611 4524
4524 4585
613 235
614 3871
3871 2680
615 614
616 4227
617 616 1225 3292 3491 3528 3955 4951 5034 5066 5072 5197 4487 5293
1225 4990
3292 4551
3491 5057
3528 4937
3955 4477
4951 4860
5034 4832
5066 5280
5072 4921
5197 4385
4487 4486 4241 5272 742 5732 3950 5453
5293 4628
618 481
619 2415
2415 2414
620 619
621 371
622 621
623 2108
2108 2107
624 623 2696 3972 898 4389 5276 5297 5151 4202 5101 5102 5150 5296 4203
2696 5148 5149 4200 4201
3972 5099 5294 5100 5295
898 897
4389 5093
5276 4370
5297 5187
5151 4277
4202 4199
5101 5098
5102 5098
5150 4277
5296 5187
4203 4199
625 1773
1773 1772
626 625
627 4862
4862 3544
628 627
629 2344
2344 3517
630 629 2187
2187 40
631 5285
632 631 4377
4377 727
2649 2648
4240 4239
634 109
635 1256
1256 1255
636 635
637 3066 5144
3066 5179
5144 1743
638 637
639 2161
2161 3468
640 639
2755 3133
642 2934
2934 373
644 3119
3119 3841
645 644
646 2801
2801 3547 4792
647 646 4044 4390 854 5639 5449 5653
4044 3780
4390 4474 5300 5589 5534
854 853 4079 4283 4574 4800 5305 4133
5639 5652 5653
5449 1564
5653 4861
648 3685
3685 2794
649 648
650 2287
2287 2286
651 650
4501 4500 4265
653 2452
2452 716
654 653
655 4163
656 655 1774 1875 2193 3069 3600 3624 3959 3960 4166 1095 2319 742
1774 1723
1875 4647
2193 3957
3069 3819
3600 3505
3624 4146
3959 2760
3960 3071
4166 3773
1095 1094 1314 1814 2147 604 3498 891 2421 1962
2319 2318 2631 2800 3185 3296 3473 2219 1681 3466
742 741 1549 1853 1911 1022 2080 3260 3209 3542 3751 3809
657 2357
2357 2356
658 657
659 5019
5019 4686
660 659 4386
4386 4686
2968 3604 5718 5707
662 2022
2022 1195
663 662
664 985
985 3239
665 664
666 2441
2441 2440
667 666
1918 2573
669 2326 2899 4844
2326 2325
2899 743
4844 5349
670 669
671 233
672 671
673 4664 5512 5522 5566 5448 5837
4664 854
5512 5659 5837
5522 5521 5566
5566 4113
5448 1564
5837 5447
675 1385 4307
1385 5306
4307 5140
676 675
1832 852
678 4985
4985 2030
679 678
680 1727
1727 2611
681 680
682 3388 3628 3477 3878 2246 2544 3698 3063
683 682
684 493
685 2542
2542 782 4957
686 685 1165 1293 2321 2830 2837 1438
1165 1164
1293 3404
2321 2320
2830 2350
2837 1514
1438 875 1611 1665 1775 2009 2977
687 848
848 3149
688 687 3234
3234 4041
689 4122
4122 2664
690 689
691 1973
1973 1972
692 691 1580
1580 55
693 4424
4424 4689
694 693 4685
4685
695 3487
3487 1373
696 695
697 121
698 1679
1679 4519
699 698
700 2766
2766 806
701 700
702 1007
1007 2771
703 702
704 2640
2640 3290 3462 1409 919 3793 4072
705 704
706 2583
2583 2582 2277 974 4935 3896 2049
707 706
708 3436
3436 2243
709 708
710 2313
2313 3475
711 710
712 4740
4740 5076
713 712 4886
4886 5076
714 4557
4557 2581
715 714 4660
4660 2581
716 401
717 2179
2179 64
719 1283
1283 2920
720 719
721 129
722 4843
723 722 4899
4899 4316
724 4546
4546 4545
725 724
726 935 4003 2749 3757
935 934
4003 3735
2749 2748
3757 3756
727 726 2131 1299 4182 3399
2131 2130
1299 1298
4182 1698
3399 2535
728 3310
3310 5062 5189
729 728
1888 2054
731 2936
2936 2935 1700 780 3723 3797 2895
732 731
733 4530
4530 4709
734 733 5331
5331 4709
735 757
757 756 2825
736 735
737 4953
4953 4855
738 737
739 1861
1861 1860
740 739
741 4831
4831 3142
1549 4859
1853 4920
1911 3746
1022 1021
2080 2079
3260 4005
3209 3208
3542 4627
3751 5279
3809 3754
743 583
744 3944
3944 4475 5148
745 744
746 5452
5452 1209
747 746
748 1036 3689 3791 3010
1036 1528
3689 3800
3791 900
3010 3009
749 748
750 1964
1964 1963
751 750
1909 399
753 532
754 2705
2705 5007
755 754
756 1780
1780 3392
2825 1120
758 4414
4414 3307
759 758 4361
4361 3307
760 391
761 760
763 3769
3769 46
764 763
765 1449
1449 2670
766 765
767 185
768 2916 3977 3290 2940 1885 5749 4072
2916 919 3793
3977 1078 5613 2249
3290 1943
2940 1541 4540
1885 1884
5749 5467
4072 4071 3872
770 5252
5252 3397
771 770 4216
4216 3397
772 199
773 772
774 4653
4653 5232 4744
775 774 4646 4763
4646 3254
4763 3738
776 3833
3833 4100
777 776
2207 844 4493 4741 5243 5607 5339 5754
779 3948 5052
3948 4869
5052 5226
780 779
781 3858
3858 5468
782 781
783 684
784 606
785 50
50
786 785 3816
3816 3815
927 926
788 3634 4690
3634 4640
4690 1239
789 788
790 4449 4734 5157
4449 4251
4734 5321
5157 4365
792 1704
1704 4083
793 792
794 2023 4948
2023 4807
795 794
796 5160
5160 946
797 796 5045
5045 946
798 4553
4553 425
799 798
800 3627
3627 3626
801 800 1332 1421 2737 3005 3056 3580 3416 4211 4529 4962
1332 2073
1421 1420
2737 1688
3005 3248
3056 958
3580 3497
3416 3351
4211 1395
4529 549
4962 626
802 4863
4863 4754
803 802
804 753 3172 3696 1755 4617 5039 5099 4200 4202 5101 5102 5100 4203 4201
3172 5151 5148 5149 5150
3696 5297 5294 5295 5296
1755 1321
4617 5287
5039 5191
5099 5098
4200 4199
5100 5098
4201 4199
805 4846
4846 832
806 805
807 3301
808 807
809 4006
4006 4532 4592 4606
810 809
811 2462
2462 2461 4605
812 811 591 1635 1829 2153 3494 2571 1543
1635 2307
1829 1914
2153 2152
3494 2567
2571 921
1543 1542
813 4152 4255
4152 5042
4255 4874
814 813
815 2995
2995 3425
816 815 1765 2275 3572 3993 3922
1765 1764
2275 1588
3572 2302
3993 3992
3922 703
817 2146
2146 3879 4236
818 817 1368 1398 1591 954 3243 1569 2854 1167
1368 3081
1398 2203
1591 2657
954 953
3243 3438
1569 1568
2854 2853
1167 1166
819 3382
3382 3381
820 819 1337 1669 1213 3054 3088 3467 3576 893 4287 4931 5301
1337 766
1669 2660
1213 1212
3054 755
3088 3087
3467 2874
3576 3530
893 892
4287 2577
4931 3415
5301 1173
821 1474
1474 804
823 5167
5167 1227
824 823 4519
4519 1227
825 4642
4642 395
826 825 1290 1342 2888 4183 4342 4849 5125 5173 5265
1290 4383
1342 4918
2888 4840
4183 5275
827 2752
2752 2564
828 827
829 2856
2856 1112
830 829 2043 4310 4666 5178 5219
2043 2042
4310 4531
4666 4848
5178 636
5219 1097
831 1465
1465 2322
832 831
833 2332
2332 257
834 833
835 1191
1191 3848
836 835
837 3226
3226 3225 5022
838 837 2790 2959 3983 4390 4525 854 5491 5449 5670
2790 2011
2959 599
3983 3673
4525 5639 5652
5491 4785
5670 5491 5490
839 2239
2239 171
840 839
841 4288
4288 850
842 841 4273
4273 850
843 2686 4447
2686 5234
4447 3280
844 843
845 2879
2879 2878
846 845
4325 155
3149 1263 3045
849 1050
1050 1288
850 849 1691 2215 2652 3401 3334 3022 3714
1691 2844
2215 2250
2652 2747
3401 3541
3334 3333
3022 2476
3714 3359
851 4343
4343 4291
852 851
853 4700 5020
4700 2981
5020 2981 5387
4079 4157
4283 2814
4574 4318 4879
4800 2814 5387
5305 2814
4133 4132 4323 5262 5214
855 4343
856 855
857 1567
1567 3897
858 857
859 2353
2353 457
860 859
861 3996 4895
3996 5039
862 861
863 632
864 863 1262 1987 2015 2065 2149 3774 1823 1473
1262 1484
1987 3147
2015 2470
2065 2135
2149 2025
3774 2034
1823 1822
1473 1472
865 2765
2765 3190 5282
866 865 1156 1777 2148 2176 3072
1156 1851
1777 1671
2148 3601
2176 1590
3072 2199
867 2185
2185 3070
868 867
869 1613
1613 1612 5126
870 869 1356 2399 1158 1719 939 2143 3855 3866
1356 1355
2399 3613
1158 1157
1719 1718
939 938
2143 2142
3855 3854
3866 1285
871 241
872 3830
3830 2395
873 872
874 3984 4340
3984 5085
4340 5258
875 874
876 4059 5028
4059 4867
5028 4468
877 876
878 4520
4520 4854
879 878
4669 3793 4072
881 723
882 881 2482 2574 2767 2529 3094 2926 877 2377
2482 1535
2574 2950
2767 1827
2529 2528
3094 2701
2926 2264
2377 2376
883 3648
3648 2394
884 883 1381 846 2362 2560 3455 3138 2930 3527 4273 4346 4775 5208 5255
1381 3449
2362 2685
2560 2848
3455 3932
3138 2786
2930 2929
3527 3526
4346 502
4775 2907
5208 1089
5255 3807
886 1224 4248
1224 1223 1482 1902 2295 2909 3606 3904 4065 4287 4335 4714 4804 4916 4962 5155 5208
4248 4247 4521 4526 4581 4650 4683 4742 5181 5345 5348 5367 5381 5394 5424 5425 5441
887 886 2346 2585 2709 3845 3913 1376 2540 4338 4198 2159
2346 2301
2585 4268
2709 2590
3845 1378
3913 1309
1376 1375
2540 2539
4338 4337 4456 4563 4764 4908 5103 5254 5270 5343 5382 5384 5401 5408 5431 5432 5439
4198 4197 4768 5274 5322 5345 5348 5367 5381 5394 5424 5425 5441
2159 2158 2372 3362 3958 4211 4358 4775 5301
888 91
3221 3220
890 3725 4706
3725 4611
4706 3539
891 890
892 2964
2964 2364
894 888
895 4167
4167 4405 5099
896 895
897 564
899 4057
4057 3469
900 899
901 253
902 901
903 587
904 5326
5326 1432
905 904
1300 512
2428 1879 4093 4426 3110 5685
908 2276
2276 1280
909 908
910 1524 1705 3424 3973 4494 3386 5218 5502 5583 5340
1524 3633
1705 694
3424 1562
3973 3228
4494 4493 5243 5606 5607
3386 3385 3431 4222 4646 4653 5118 2769
5218 5675 5704
5502 4496
5583 5502 5501
5340 1668
912 3195
3195 127
913 912
914 3064
3064 89
915 914
916 1374
1374 4189
917 916
918 4177 2917
4177 4176
2917 978
919 918
920 4794
4794 4577
921 920 4694
4694 4577
922 1008
1008 1638
923 922
4256 4359 5838
1754 1615
926 3507
3507 3506
928 2092
2092 4055
929 928
930 1503
1503 5203
931 930
932 574
933 932
934 2218
2218 2453
936 1130 3317
1130 39
3317 620
937 936
938 1837 4333
1837 4607
4333 4279
940 359
941 3909
3909 4216
942 941
943 1301
1301 333
944 943
945 2762
2762 1976
946 945
947 1761
1761 3945
948 947
949 1430
1430 2285
950 949 1135 1244 2396 3711 2230 1717 2939 4335
1135 2910
1244 963
2396 2525
3711 3191
2230 2044
1717 1716
2939 2938
4335 1970
951 4178 4721
4178 4541
952 951
953 3651 4548
3651 5276
955 499
956 955
957 1537
1537 1536
958 957
1429 1505
1587 1586
3595 2312
962 1531
1531 3013
963 962
964 1246
1246 1245
965 964
1659 4086
967 4106
4106 4105 4745
969 2432
2432 3775
971 3020
3020 3019
2932 2855
973 397
975 3059
3059 3058
976 975
977 1079
1079 4101
978 977
979 2216
2216 1785
980 979
981 3277
3277 4583
982 981
983 5271
5271 4588
984 983 4805
3239 3238
986 3155
3155 4911
987 986
988 2408
2408 95
989 988
990 2457
2457 1818
991 990
992 423
993 4569
4569 5402
994 993 5002
995 1556 2875 5493 5494
1556 783
2875 2654
5493 5488
5494 5493 5633
996 995
997 85
998 997
3692 3852 4693
1000 4609 5128
4609 5545
5128 3645
1001 1000 3194 2619 5549
3194 5308
2619 2541
5549 4268 4338
1002 335
1003 2375
2375 3392
1004 1003
1005 1041
1041 415
1006 1005
2771 2770
1638 2445
1009 4841 5323 5327
4841 5166
5323 4561
5327 4761
1010 1009
1011 738
1012 119
1013 1012
1014 2041
2041 2040
1015 1014
3729 3728
1017 4088
4088 3805
1018 1017
1019 4085
4085 2411
1020 1019 2212 3134 3224 3515 3629 2773 3835
2212 4535
3134 4444
3224 4154
3515 5236
3629 4658
2773 2772
3835 3834
1021 3636
3636 3635
1023 1759
1759 71
1024 1023
2597 1303
1026 3012
3012 1920
1027 1026
1028 275
1029 1028
1030 3407
3407 105
1031 1030
1032 5176 5294
5176 5362
5294 5187
1033 1032
1034 2714 4233
2714 2713
4233 5349
1035 1034
1528 1527 3057 3170 3519 3727 3790 3861 1020 2283 816
1037 413
1038 2309
2309 2308
1039 1038
1040 856
1042 4472
4472 4770
1043 1042 4891
4891 4770
1044 4315
4315 4025
1045 1044 5292
5292 4025
1046 1114
1114 1113
1047 1046
1048 3934
3934 4143 4939
1049 1048 1087 1257 676 1207 2236 2439 3371 3349
1087 2575
1257 2299
1207 734
2236 2235
2439 2438
3371 1725
3349 2833
1288 3352
1051 3870
3870 5094 5297
1052 1051
1053 2890
2890 2889
1054 1053
1055 5450
5450 3017
1056 1055
1057 3745
3745 475
1058 1057
2898 2897
1060 3582
3582 211
1061 1060
1062 4421
4421 3529
5011 3529
1064 3946
3946 3821
1065 1064
1066 4967
4967 4855
1067 1066
1068 3121
3121 3556
1069 1068
1070 4929
4929 4225
1071 1070 4210
4210 4225
2241 2240 3419
1073 4808
4808 3158
1074 1073 4604
4604 3158
1075 1683
1683 1682 5060
1076 1075 3501 1932
3501 2270
1932 1931
1077 683
1078 1077
4101 4404
3387 1895
1081 4549
4549 2817
1555 2606
2624 2998
3014 1373
3169 4138
3412 4130
3914 3750
3943 3766
4008 2564
4129 2617
1083 3694
3694 615
1085 383
1086 1085
2575 4022 4356
1088 3463
3463 1211
1089 1088
1090 1417
1417 2132
1091 1090
1092 976
2503 2502 4741 5243 5497 5538 5476 5720
1094 1606
1606 1605 4964
1314 2843
1814 1045
2147 771
3498 3590
2421 2420
1962 1961
1096 2018
2018 3531
1097 1096
3953 1794
1099 2120 5053
2120 5244
5053 5235
1100 1099
1101 3435
3435 183
1102 1101
1600 1599 1721 1883 2055 2620 795 1457 862 2468
1104 2710 4508
2710 5017
1105 1104
1106 4662
4662 4208
1107 1106 4989
4989 4208
1108 2870
2870 2617
1109 1108
1110 3767
3767 1554
1111 1110
1112 153
1113 239
1115 3204
3204 3575
1116 1115
1117 3229
3229 305
1118 1117
1119 1179 2532
1179 1004
2532 48
1120 1119
1121 4728
4728 3281
1122 1121 4976
4976 3281
1123 4988
4988 4292
1124 1123
1125 237
1126 4357
4357 3402
1127 1126
1128 5732
5732 3215
1129 1128 5204
5204 4410
39
1131 4815
4815 4814
1132 1131
1133 1872
1872 2609 4898
1134 1133 1428 2290 2513 3186 3546 3688 4031 814
1428 1107
2290 2553
2513 2923
3186 1643
3546 2393
3688 3421
4031 4030
2910 3764
1136 3743
3743 147
1137 1136
1138 247
1139 1149
1149 1169
1140 1139
1141 2012
2012 325
1142 1141
1143 3545
3545 4559 4730
1144 1143
1145 2327
2327 4039
1146 1145
1147 291
1148 1147
1169 1168
1150 4324 5763
4324 4712
5763 4492
1151 1150
1152 1984
1984 1983
1153 1152
1154 1809
1809 1808
1155 1154
1851 1850 5142
1157 1174 4345
1174 4872
4345 4570
1159 3096
3096 3095
1160 1159
2472 2554
1162 3084 5391 5459 5380
3084 3273
5391 4141 4118
5459 553
5380 1181
1163 1162
1164 2418 4829
2418 5309
1166 3801 5283
3801 5027
1168 47
47
1170 3748
3748 4285 4537
1171 1170
1172 3299
3299 2343
1173 1172
4872 4570
1175 3684 4436
3684 5278
4436 4425
1176 1175
1177 3236
3236 3199
1178 1177
1180 2688
2688 2460
1182 3255
3255 2256
1183 1182
1184 2293
2293 2846 4842
1185 1184
1186 1940
1940 4148 4373
1187 1186 1703 2297 2610 1214 2884 638 2209
1703 2763
2297 759
2610 3585
1214 715
2884 2883
2209 2208
1188 1056
1189 1067
1190 1189
3848 44
1192 2454
2454 5427
1193 1192
1194 5312 5151
5312 5337
1195 1194
1196 2487
2487 2486
1197 1196
4538 4621 5815 5709
4724 4445
5765 4732
1199 229
1200 1199
1737 2045
1202 4881
4881 3666
1203 1202
1204 4252
4252 3578 4298 4574
1205 1204 4284 4394 4795 4221
4284 4283
4394 4393 4925
4795 4879
4221 4038 4748
1208 1011
1209 1208 645 4967
1210 97
1211 431
1212 2083
2083 2082
1215 2841
2841 4404
1216 1215
1217 3618
3618 1163
1218 1217
1219 219
1221 4272
4272 1766
1222 1221
1223 4818
1482 4780
1902 4871
2295 4578
2909 4502
3606 4423
3904 4758
4065 4980
4714 4020
4804 2820
5155 1771
1226 2712
2712 2489 5074
1227 1226
1228 3744
3744 4184
1229 1228
1230 868
1232 2592
2592 2591
1233 1232
1234 593
1235 1241
1241 1240
1236 1235 1352 5505 5506
1352 1351
5505 5616
5506 5505 5576
1237 3379 4885
3379 5313
4885 1548
1238 1237
1239 658
1240 68
68
1242 3490 4773
3490 4378
4773 5090
1243 1242
1245 3525
3525 2861
1247 5219
1248 1247 4395
4395 1097
1249 761
1250 1930
1930 3212
1251 1250
1252 3196
3196 4209 4260 4332
1253 1252
1254 193
1255 3139
3139 5013
2299 2298 4797
1258 1049
1259 1258 1944
1944 1187
1260 3073
3073 189
1261 1260
1484 1483 4987
1263 43
43
1264 2032 4938
2032 1776
4938 5376
1265 1264
1266 2626
2626 1405
1267 1266
1268 1623
1623 66
1269 1268
1270 2433
2433 173
1271 1270
1272 1732
1732 4680 5100
1273 1272
1274 518
1275 337
4620 4465
1277 3607
3607 570
1278 1277
1279 4978
4978 4753
1280 1279
1281 4137 4231
4137 5220
4231 4263
2920 4138
1284 5037
5037 4542
1285 1284 4590
4590 4542
1286 4269
1287 1286 4354
4354 5087
3352 5175
2599 2598
4383 285
1291 4922 5212 5278
4922 5000
5212 4482
5278 4425
1292 1291
3404 3403 5130
1294 4504 4604 4723 4981 4987 5211 5523 5657
4504 4013
4723 5141
4981 4636
4987 909
5211 1678
5657 5655
1295 1294
1296 2751
2751 2750 4446
1297 1296 1928 2154 2658 2852 2630 4018 1176
1928 1071
2154 1043
2658 1451
2852 660
2630 612
4018 1618
1298 3518
3518 4029
1302 3488
3488 3892
1303 1302
1304 143
1305 1304
1306 2547 4626
2547 5257
4626 3510
1307 1306
1308 3245
3245 3244 5189
1309 1308 1455 1965 2639 1319 3454 1805 3567
1455 3631
1965 713
2639 3271
1319 1318
3454 2633
1805 1804
3567 3806
1310 2515
2515 4697
1311 1310
1312 3564
3564 3652
1313 1312
2843 2842 4911
1315 323
1316 721
1317 1316
1318 1852 4823
1852 4974
4823 5111
1320 169
1321 1320
1836 1835 4123 4382 1078 1885
1323 4419
4419 5368
1324 1323 4644
1325 1941
1941 3522
1326 1325 4135 5494 5633
4135 2643
5633 5488
1328 73
73
1329 393
1330 5273
5273 465
1331 1330
2073 1341
1333 3314
3314 5324
1334 1333
1335 5045
1336 1335
1338 2726
2726 5440
1339 1338
1340 5289
5289 516
1341 1340
4918 461
1343 4127
4127 667
1344 1343
1345 2279
2279 2278
1346 1345 1517 1905 3114 3117 2569 3707 1153 5155
1517 948
1905 3599
3114 3145
3117 2001
2569 2568
3707 1783
1347 361
1348 2743
2743 4168 4959
1349 1348 1854 3180 3400 1932
1854 1608
3180 2386
3400 3047
1351 1834
1834 351
1353 4326
4326 2880
1354 1353
1355 4188 4766
4188 4488
4766 5006
1357 5116
5116 1898
1358 1357 5228
5228 1898
1359 4404
4404 4403
1360 1359
1361 4014
4014 5390
1362 1361
1363 1389
1389 3123
1364 1363
1365 1118 3614 4808 4958 5027 5271
3614 4075
4958 1678
5027 4772
1366 4464
4464 4893
1367 1366 707
3081 3080 4401
1369 510
1371 167
1373 1267
4189 4661
1375 1216
1377 1329
1378 1243 2403 2429 1742 3414 3827 3348 2492
2403 4119
2429 2887
1742 1741
3414 2355
3827 582
3348 2966
2492 2491
1379 417
1380 1379
3449 3448
1382 4669 5264
1383 1382 3004 4295 4803
3004 4476 4518
5306 5140
1386 1269 1142 5663 5647
5663 5617
5647 5646 5663
1387 3536
3536 3535
3123 467
1390 4613
4613 956
1391 1390
1392 161
1393 1392
1394 1769
1769 2262
1395 1394
1396 3619
3619 3656
1397 1396
2203 4142 4372
1399 1412 3663 4297 4400 4470 4589
1412 3358
3663 3662
4297 3459
4400 4788
4470 3410
4589 4314
1400 1399
1401 2050
2050 4254 4886
1402 1401
3923 4725 4896 5019
1404 365
1405 1404
1406 4645
4645 4171
1407 1406
1408 4280 4405 4544 4610 4680 4759 5094 5176 5383 5412 5417 5423 5429 5434 5443 5444
4280 5354
4405 5376
4544 5349
4610 5396
4680 5334
4759 5347
5094 5333
5383 5375
5412 5436
5417 5414
5423 5346
5429 5405
5434 5373
5443 5399
5444 5445
1409 1408 4067
4067 2520
1410 5267
5267 4753
1411 1410
3358 3357
1413 261
1414 1413
1415 1758
1758 1757
2132 273
1418 4654
4654 4653 775 5170
1419 1418 5153 5119 4244 5048
5153 4744
5119 5118
4244 4242 4637
5048 5047 4173
1420 3785
3785 3817
1422 3306 5078
3306 5172
5078 1627
1423 1422
1424 57
57
1425 1424 2858
2858 2857
1426 2228
2228 2227
1427 1426
1505 1504
2285 1791
1431 2165
2165 2164 4384
1432 1431
1433 1249 2937 4266 4406 4720 4807
2937 1305
4266 3802
4406 1927
4720 5159
4807 5307
4750 2649 1129
1435 2679
2679 1218
1611 2613
1665 3617
1775 4124
2009 3077
2977 1287
1439 4266
1440 1439 4969
4969 3802
1441 1912
1912 75
1442 1441
1443 197
1444 1443
1445 72
72
1446 1445
1447 1146
1448 1447
2670 2669
1450 4841
1451 1450 4332
4332 5166
1452 1274
1453 141
1454 1453
3631 3630 4321
1456 1849 4651
1849 4310
1457 1456
1458 3933
3933 3860
1459 1458
1460 4210 5299 5329
5329 4716
1461 1460
1462 263
1463 1462
1464 944
2322 243
1466 3561
3561 4063
1467 1466
1468 4998
4998 145
1469 1468
1470 670
1471 628
1472 2859 4528
2859 4602
4528 2500
1475 832
1476 1475
1477 3715
3715 3587
1478 1477
1479 1275
1480 1479
1516 1515
3967 3440
1483 5316
1485 469
1486 1485
1487 3970
3970 4549
1488 1487
1489 2226
2226 69
1490 1489
1491 2849
2849 3432 989 5632 5588
1492 1491
1493 2785
2785 4759 5101
1494 1493
1495 1610
1610 1792
1496 1495
1497 5433
5433 5303
1498 1497
1499 2789
2789 651 3554 5463
1500 1499
1501 992
1502 1501
5203 2840
1504 1748
1748 1747
1506 1024 2951 5646 5647
2951 1029
5646 5617
1507 1506
1508 1400
1509 299
1510 773
1511 1510 4997
4997 5334
3999 4693 5706 5707
1513 4735
4735 5442
1514 1513 4876
1515 1125
1518 4944
1519 1518 3311 3540 3954 4465 4724 4726 4731 5063
3311 4681
3540 5163
3954 4402
4465 4464 4575 4603 1020 5623 3374 5360
4726 5237
4731 4659
5063 4536
1520 2963
2963 3160 4687
1521 1520 1601 1711 2427 1423 3187 2796 3579 1934
1601 2172
1711 3106
2427 537
3187 1938
2796 2795
3579 3483
1934 1933
1522 1666
1666 1236
1523 1522
3633 3632 4655
1525 803
1526 1525
1527 4048
3057 4811
3170 2647
3519 4175
3727 3304
3790 547
3861 3043
2283 2282 2896 1238 2740 3716 1307
1529 5127
1530 1529
3013 3986
1532 2687
2687 3736
1533 1532
1534 4598
1535 1534 5024
5024 4353
1536 3765
3765 4739 5008
1538 1910 2864 5587 5588
1910 2273
2864 1414
5587 5536
5588 5587 5632
1539 1538
1540 4540
4540 2540 2301
1541 1540
1542 3394 4643
3394 5318
4643 4458
1544 3135 5088
3135 3176
5088 5354
1545 1544
4403 3017
4433 5369
4814 5433
3017 1336
1547 1585
1585 1656
1548 1547
4859 2091
1550 870
1551 5448
1552 1551 4664 5300 5480 5521 5481 5522
5300 5512 5659
5480 5413
5521 4113
5481 5480 5672
1553 42
42
1554 131
2606 2361
1557 1452
3778 4058 5121
1559 403
1560 1559
1561 4364
4364 5054
1562 1561 5165
5165 5054
1563 4159
4159 4835
1564 1563 3444
3444 3443 4887 5577 5578 4220
1565 1188
1566 1565
3897 4694 4974
1568 3078 5065
3078 4543
1570 255
1571 4550 4665
4550 4619
1573 3367
3367 4330 4377 4687 4969 5106 5142 5526 5768
1574 1573
1575 789 4474 4664 5300 5533 5448 5534
4474 5481 5672
5533 5457
5534 5533 5589
1577 634
1578 4389
1579 1578 4928
55
1581 2064 4623 4203
2064 3568
4623 5350
1582 1581
1583 2681
2681 133
1584 1583
1656 483
1586 2088
2088 4546
1588 1183
1589 4919
4919 4032
1590 1589 4897
4897 4032
2657 3035 4339
1592 3918
3918 3917
1593 1592
1594 3489
3489 1492
1595 1594
1596 618
1597 1596
3197 1557
1599 2863
2863 2862 4946
1721 2125
1883 2810
2055 984
2620 2151
2468 1579
2172 2171 5040
1602 2123
2123 905
2061 2471
3161 1533
3445 1816
2078 2077
3472 2268
2443 2442
3262 3261
2317 3285
1605 4467
4467 2076
4964 2076
1607 4512
4512 4516
1608 1607 4836
4836 4516
1792 207
2613 2612 4431
1612 4912
4912 5018
5126 5018
1614 4274
4274 3415
1615 1614 3511 3730 3942 4529 4931 5009 5255
3511 4205
3730 4357
3942 4416
5009 3402
1616 307
1617 4606
4606 4656
1618 1617 4884
1619 2304
2304 2303
1620 1619
1621 4642
1622 1621
66
1624 3628 3477 2246 3698
1625 1624 3388 3878 2544 3063
1626 3749
3749 879
1627 1626
1628 345
1629 4816
4816 5310
1630 1629 4971
4971 5310
1631 4883
1632 1631 1756 5156
1756 826
1633 2689
2689 3550
1634 1633
2307 4050 4254
1636 1842
1842 1859
1637 1636
2445 3282
1639 1560
1640 2067
2067 2066
1641 1640
1642 4369
4369 4207
1643 1642 5152
5152 4207
1644 602
1646 1069
1647 1646
1648 3393
3393 1391
1649 1648 3130
3130 52
1650 2882
2882 4296
1651 1650
1652 2815
2815 491
1653 1652
1654 1867
1867 3811
1655 1654
1657 3163
3163 3162
1658 1657
4086 4988
1660 3700
3700 477
1661 1660
4933 4932
1663 1461
1664 1663
3617 3981 4954
1667 1946
1946 4722
1668 1667 3838
3838 3837 5055 5595 5596 5196
2660 1749
1670 5016
5016 3144
1671 1670 4756
4756 3144
1672 2306
2306 1507
1673 1672
1674 5450
1675 1674
1831 1830 4346
1677 2671
2671 595
1678 1677
1680 3340
3340 3339
1681 1680
1682 4596
4596 5183
5060 5183
1684 5212
1685 1684 5263
5263 4482
1686 447
1687 3439
3439 2000
1688 1687
1689 4973
1690 1689 2400 4924
2400 530
2844 508
1692 4235
4235 4291
1693 1692
1694 4004
4004 4056
1695 1694
1697 2057
2057 2056
1698 1697
1699 4095 4245
4095 4639
4245 4258
1700 1699
1701 435
1702 1701
2763 3428 4396
4083 2998
1706 2038
2038 2381
1707 1706 4675
4675 5396
1708 177
1709 5598 5677 5814 5668
5598 5667 5668
5677 5676 5814
5814 5422
5668 4125
1710 1709
3106 3105 5108
1712 1925
1925 3537
1713 1712
1714 1577
1716 2550
2550 2549
1718 3201 5221
3201 5164
5221 4778
3840 649
2125 2124 4407
1722 2254
2254 4950
1724 4313
4313 5141
1725 1724 4723
1726 317
2611 1203
1728 1210
1729 1728
1730 3826
3826 4416
1731 1730
1733 836
1734 1733
1735 5464
5464 3305
1736 1735
2045 617
2115 1644 4390 4525 854 5449 5670 5490 5214
1741 3747 4922
3747 4765
1743 1545
4489 4488 4547
1745 1977 5326
1977 4317
1746 1745
1747 2110
2110 1326
1749 506
1750 2975
2975 2974
1751 1750
1752 5338
5338 5686 5775
1753 1752
1757 4195 4307 4756 4898 5078 5319 5541 5755
4195 1178
4898 4635
5319 2402
5541 5539
71
1760 522
3945 4002
1762 1945
1945 3284
1763 1762
1764 3189
3189 3886
1766 1035
1767 2538
2538 213
1768 1767
2262 297
1770 3718
3718 3327
1771 1770
1772 421
4124 4186 5058
1776 1347
1778 3701
3701 4069
1779 1778
3392 3391
5385 3458 3465 705
1782 2518
2518 1582
1783 1782
1784 2778
2778 3616
1785 1784
1786 1511
1787 1786
1788 2562
2562 2561
1790 3804
3804 4422 4200
1791 1790
1793 3264
3264 1463
1794 1793
1795 568
1798 4436 4868 5263
4868 4941
1799 1798
1800 929
1801 1800
1802 2331
2331 2330
1804 3625 4559
3625 4779
4559 4633
1806 4068 4324
4068 4491
1807 1806
1808 4001
4001 5292
1810 5437
5437 3002
1811 1810
1812 3640 1661 5669 5829
3640 2972
5669 5811 5829
5829 5780
1813 1812
1815 729
1816 1815
1817 630
1818 1817
1819 915
1822 4117 4461
4117 4511
4461 3676
1824 61
61
1825 1824
1826 4719
1827 1826 5070
5070 5253
1900 1899 4806
1914 1913 5062
1830 4545
4545 502
1833 125
1835 4802 5613 5749
4802 4936 2758 3709
5613 5388
4123 4331 3793 4072
4382 2085 2374 3998 3110
4607 4279
1838 1454
1840 2707
2707 2706 4799
1841 1840 2095 2157 2168 2211 1746 3406 3346
2095 2697
2157 3665
2168 2531
2211 2210
3406 824
3346 3345
1859 1570
1843 1509
1844 3907
3907 679
1845 1844 2062 2389 2485 2699 1459 2994 3842 4358 4714 5009
2062 663
2389 699
2485 3836
2699 3706
2994 903
3842 3396
4358 4187
1846 67
67
1847 3878 2246 2544 3698
1848 1847 3388 3628 3477 3063
1850 4406
5142 1927
4974 5111
4920 3031
1855 3318 4494 3386 5218 5583 5340 5501 5031
3318 1297
5501 4496
5031 5030
1857 5440
5440 3002
1858 1857
1860 589
1862 1967
1967 1686
1863 1862
1864 1693
1865 4835
4835 5358
1866 1865 4722
4722 5358
3811 231
1868 1901
1901 227
1869 1868
1870 4179
4179 1078 5613 2758 2940 1885 5749 2249 3709
1871 1870
2609 5158
1873 3150
3150 3876
1874 1873
4647 1986
1876 259
1877 1876
1878 2069
2069 2068
1879 1878
1881 4682
4682 1091
4347 1091
2810 3818 5171
1884 3332
3332 3331
1886 3356
3356 349
1887 1886
2054 2053
60
1890 2784
2784 497
1891 1890
1892 697
1893 1892
1894 4347 4993
1895 1894
1896 3712
3712 2391
1897 1896 1653 5773 5833
5773 5772 5833
5833 5759
1898 1058
1899 4592
4592 4271
1903 1109
1904 1903
3599 2979
1906 2039
2039 223
1907 1906
2867 1138
2273 2081
3746 3031
75
1913 5046
5046 5261
5062 5261
1915 4672
4672 419
1916 1915
1968 1985 2410 4033 4936 5010
2573 1519
1919 2997
2997 2996
1920 1919 2570 5622 5619
2570 1843
5622 5619 5620
5619 5618
1921 329
1922 1921
1923 2724
2724 1801
1924 1923
3537 4255 4356 4395 4528 5201 5282 5593 5594
1926 3885
3885 3884
1927 1926
3212 301
1931 4217 5194
4217 2351
5194 2351
1933 2836 5201
2836 5154
5201 2821
1935 3938
3938 3937
1936 1935
1937 4826
1938 1937 4527
4527 1848
3912 3911
4148 5231
4373 2656
3522 453
1942 4149
4149 4483 4632 4676 4704 5075 5110 5133 5223 5383 5412 5417 5423 5429 5434 5443 5444
1943 1942 1566
3284 3291
1947 2625
2625 2703
1948 1947
1949 3763
3763 3377
1950 1949 3883
3883 41
1951 830
1952 1951
1953 4235
1954 1953
1955 686
1956 1955
1957 2229
2229 3413
1958 1957
2668 2667
1961 3733 4945
3733 4281
4945 2459
1963 1553
1966 528
1985 2758 3709
2410 2409
4033 3462 1409
4936 1754 5753
5010 5545 5549 3645 3342
1969 3753
3753 3752
1970 1969
1971 103
1972 3097
3097 4682
1974 3593
3593 3906
1976 79
4317 1432
1978 2244
2244 343
1979 1978
1980 53
53
1981 2180
2180 2514
1982 1981
1983 3361
3361 3726
2758 923
3709 2682
1986 1979
3147 3146 4195
1988 902
1989 3272
3272 3008
1990 1989
1991 5427
5427 1209
1992 1991
1993 225
1994 1993
1995 1673
1996 1995
1997 113
1998 1997
1999 4234 4446 5143
4234 4572
4446 4365
5143 5321
2000 1999
2001 1222
2002 3479
3479 3875
2003 2002
2004 4440 4678
4440 5134
4678 4601
2005 2004
3474 311
2007 4284
2008 2007 4394 4252 4781 4221
4781 4318
3077 3256 4965
2010 5320
5320 4793
2011 2010 4760
4760 4793
2013 2806
2806 1795
2470 2469 5051
2016 2501
2501 277
2017 2016
3531 3594
2019 1365
2020 2019
2024 4622
2025 2024 5109
5109 3732
2026 4256
5465 816
2506 195
2029 3315
3315 3177 4379
2030 2029
2031 1344
2033 4232
2034 2033 5288
5288 3240
3581 163
2036 135
2037 2036
2381 433
2040 4116
4116 4461 4573 4939 5040 5764 5748
2042 3065
3065 309
2044 858
2046 931
2048 439
4254 4837
2051 2634
2634 463
2052 2051
2053 4450 5014
5014 555
2056 5437
2058 4348
4348 5344
2059 2058 4670
3103 1259
2471 1620
2063 321
3568 3658
2135 2759 4755
2066 2775
2775 2261
2068 4454 4599 4897 4989 5108 5109 5678 5684
4454 4376
4599 1233
5108 1625
5684 5682
2070 1362
2071 4363
4363 1376 2590
2072 2071
2074 1841
2075 2173
2173 3321
2076 2075
2077 3279
3279 3278
2079 3675
3675 3533
2081 70
70
2082 1010
2084 4679 5091 5419 5460
5419 5436
5460 5445
2085 2084 2893
2893 5359
2086 2754
2754 3563
2087 2086
2089 2087
2090 3104
3104 1726
2091 2090
4055 2167
2093 3609
3609 1411
2094 2093
2697 3192 4327
2096 3269 4462
3269 4278
2097 2096
2098 2251
2251 5440
2099 2098
2100 2456
2456 2455 4329
2101 2100 2552 2097 1760 1105 3390 952 2512 3974 882
2552 2059
3390 1324
2512 2511
3974 994
2102 4261 4398 4755 4797 5500 5608
4261 4229
4755 2094
4797 4708
5608 5808
2103 2102
2104 449
2105 4111
4111 3500
2106 2105 3011
3011 2941
2107 221
2109 1127
2111 3544
3544 3543
2112 2111
2113 2548
2548 1039
2114 2113
5490 4785
5214 5213
2116 3152
3152 209
2117 2116
2118 2089
2119 2118
5244 5235
2121 4469
4469 5428
4745 4301
2124 4839
4839 5239
2126 5203
4556 2840
2128 2404
2404 2533
2129 2128 2623 3610
2623 2622
3610 2783
2130 3509
3509 1811
2133 313
2134 2133
2759 4397
2136 59
59
2137 2136
2138 2478
2478 81
2139 2138
2140 437
2141 2140
2142 2192 4441
2192 4838
4441 4452
2144 4043
4043 4360
2145 2144
3879 4666
3601 4051 4889
2150 4986
4986 4927
2151 2150 4901
2152 2629 4739
2629 5328
4739 4513
2155 3364
3364 3363 5315
2316 1074
3316 3825
2232 2231
3538 1248
3832 1440
3665 3664 4272
2158 5104
5104 4187
2372 5311
3362 4351
3958 5249
3468 411
2162 1393
2163 2162
2164 3267
3267 2490
4384 5347
2166 115
2167 2166
2531 2530 5007
2169 4217
2170 2169
2171 4652
5040 3903
3321 387
2174 5452
2175 2174
2177 1446
2178 2177 2704 2725 3458 5421 5380
2704 4118
2725 3465 705
5421 535
64
2514 269
2181 725
2182 2181
2183 3166
3166 3165
2184 2183
3070 1539
2186 1593
40
2188 3963
3963 613
2189 2188
2190 165
2191 2190
4838 4452
3957 1986
2194 2955
2955 2954
2195 2194
2196 2450
2450 2807
2197 2196
2198 4958
2199 2198 5211
2200 4319
4319 5136
2201 2200 5229
5229 5136
2202 894
4142 4979
2204 489
5174 4487
4493 5538 5719
4741 3386
5243 5679 5785
5607 5606 5754
5339 1668
5754 5393
2208 3649 4671
3649 4907
4671 1787
2210 2876 5289
2876 4366
4535 2411
2213 1753
2250 2366
2217 1027
2453 3532
2219 681
2220 2521
2521 1584
2221 2220
2222 2104
2223 2222
2224 2618
2618 58
2225 2224
69
2227 4109
4109 4204
3413 191
2231 2931 4599
2931 4275
2233 3289
3289 3288 3113 3967 4114
2234 2233
2235 3971 4454
3971 4926
2240 56
56
3419 3418
2242 2729
2729 2584
2243 2242
2245 3740
3740 747
2247 937
2248 2247
2249 2072 4363
2366 2365
2252 427
2253 2252
4950 279
2255 5228
2256 2255
2257 1708
2380 2379
2260 3137 2117 5669 5811
3137 3140
5811 5780
2261 2260
2263 5210
2264 2263 5137
5137 4696
2265 485
2266 2265
2267 2555
2555 4373
2268 2267
2269 4737
4737 4910
2270 2269 4515
4515 4910
2271 4733 4757
4757 1990
2272 2271
2278 2969
2969 2510
2280 1488
2281 2280
2282 1358
2896 580
2740 2739
3716 1122
2284 1628
2286 4360
4360 5366
2288 45
45
2289 2288
2553 4045 4534
5275 175
2846 2845
4842 5362
4851 271
2296 1574
2298 4587
4587 4708
2300 2605
2605 1675
2301 2300
2302 777
2303 4643 5330
5330 5224
2305 1966
4050 4730
2308 3863
3863 1988
49
2311 4671
2312 2311
3475 3853
2314 117
2315 2314
3285 1273
2318 3086
3086 3085
2631 3829
2800 2818
3185 3184
3296 3548
3473 3598
3466 3246
2320 4174 4435
4174 5135
2323 4885
2324 2323
2325 5614 5634
5614 5635 5634
5634 4411
4039 1637
2328 3643
3643 3642
2329 2328 4426 5812 5685
4426 2374
5812 3998 3110
5685 2085
2330 3235 3928 4275 4839 4919 4979
3235 4007
3928 2134
4275 1233
4979 5043
2333 4566
4566 5342
2335 3164
3164 4388 4902 4929
2336 2335
2337 996
2338 2337
2339 4603 4165
4603 4259
4165 4164
4473 4301 5465
5200 5199
2341 940
2342 2341
2343 99
3517 504
2347 2812
2812 2811
2348 2347
2349 5225
5225 5461
2350 2349 4819
2351 1271
4554 4838
2354 4532
4532 4381
2355 2354 4725
4725 4381
2356 2804
2804 3503
2358 2005
2359 2358
2360 3060
3060 2398
2361 2360
2685 2684
2363 3478
3478 4747 4779
2364 2363
2365 5266
5266 5081
2367 215
2368 2367
2370 4799
4799 3049
2371 2370
2373 4413 4497 4713 4994 5038 5188 5215 5259 5353 5370 5403 5419 5438 5455 5456 5460
5353 5373
5370 5414
5403 5405
5438 5346
5455 5375
5456 5399
2374 2373
2376 2493 4594
2493 4673
4594 5096
2379 217
2382 3034
3034 690 1220 3661 3016 5056 1372
2383 2382
2385 5260
5260 4738
2386 2385 4600
4600 4738
2387 1315
4000 2971
2390 808
2391 159
2392 5286
5286 4875
2393 2392 4330
4330 4875
2394 745
2395 245
2525 2371
2397 107
2398 2397
3613 3982 4813
2401 2477
2477 585
2402 2401
4119 4181 5050
2533 62
2406 3325
3325 2761
2409 2103
2411 2052
2412 987
2413 1523
2414 1734
2416 4510
2417 2416
5309 5352
2829 1954
2420 4098 4982
4098 4695
4982 1496
2422 2728
2728 2727
2423 2422
2424 315
2425 2424
2426 1632
4093 3998
3110 3109
2887 3417 4388
2430 3205
3205 4321 5046
2431 2430
3775 3408
2434 4081
4081 5124
2435 2434
2436 1444
2437 2436
2438 3615 4995
3615 5092
4995 4375
2440 2621
2621 455
2442 2903
2903 1494
3766 1065
3282 2602 1779 5389
4336 4751 5531 5532
2448 3660
3660 3994
2449 2448
2807 451
2451 656
3532 5440
2455 5005
5005 5406
2458 2551
2551 3053
2459 2458
2460 339
2461 4678
4605 4601
2463 1334
2464 4276 5328
4276 4484
5328 4513
2465 2464
2466 3156
3156 3493
2467 2466
2469 4328
5051 4047
2554 3755
2473 672
2474 1702
2475 4139
4139 5175
2476 2475
2480 151
2481 2480
2483 4011
4011 4010
3836 1229
2486 4626
2488 3093
3093 83
2489 2488
2490 405
2491 2559 4868
2559 4977
2494 2967
2967 3953
2495 2494
2496 1498
2497 4552 4870
4552 4619
4870 4869 4817
2498 2497
4486 5161
5453 5161
2500 1526
2502 5339
5497 3337
5538 5719 5720
5476 5475 5497
5720 5418
2504 2757
2757 3282
2505 2504
2508 1200
2509 4472 4668 4765
4668 4828
4765 5000
2510 2509
2511 2213 5216
2923 3588 4981
4697 5466
3808 3562
2641 4846
3129 4862
3297 4127
3558 3168
3813 3556
3964 2309
2519 1500
2520 2519
4304 1397
2523 2683
2683 1442
2524 2523
2526 4155
4155 5391
2528 4036 5206
4036 4522
5206 4282
2530 4429
4429 3330
5007 3330
48
62
2534 3670
3670 3669
2535 2534
2536 1377
2537 2536
2539 3007
3007 2579
2541 1295
2543 3354
3354 3092
2545 3783
3783 3868
2546 2545
5257 3510
2549 4361
3053 289
4045 4847
4534 4230
3755 2248
2557 688
2558 2557
4977 4941
2848 2847
2561 4996 5011
2563 1160
2564 2563
2565 1714
2566 4747
4747 4960
2567 2566 5277
5277 4960
2568 3120
3120 2431
2572 1713 2956 3788 5128
2956 4609
3788 5308
2950 2949 4856
4022 5238
4356 4821
2576 2961
2961 2960
2577 2576
2578 5450
2579 2578
2580 3777
3777 3423 4437
2581 2580
2582 2881
2881 4076
2584 1137 3293 5622 5620
3293 3877
5620 5618
4268 4267 4586 4830 4906 4915 5083 5222 5227 5343 5382 5384 5401 5408 5431 5432 5439
4710 5364
2587 828
2588 2587
2589 3268
3268 1360
2590 2589
2591 2838
2838 5122
3739 3427
3068 3782
2595 871
2596 2359
2598 3856
3856 991
2600 541
2601 2342
2602 1311
2603 2175
2604 2603
2607 2296 3611 2085 5812
3611 2374
5158 4635
3585 3987 4790
2612 4692
4431 5113
2614 5267
2615 2614
2616 4060
4060 4094
2617 2616
58
2622 3968
3968 363
2998 1092
2703 2702
2627 1134
3829 2952
2632 5284
5284 4705
2633 2632 5008
5008 4705
2635 2517
2637 1595
3271 3270 4276
3462 3461 3851
3793 3792 3521
2642 267
2643 2642
2644 4503
4503 4087
2645 2644
2646 3313
3313 4840
2648 3989 2451 3203
3989 797
3203 3202
2650 2659
2659 203
2651 2650
2747 2746
2653 77
2654 2653
2655 2908
2908 3985 4387
2656 2655
3035 4237
2661 998
2662 2661 1317 5772 5773
5772 5759
2663 1877
2664 2663
2665 4308
4308 5033
2666 2665 4359
4359 5033
2667 1467
2669 4610 5295
5295 5187
2672 3023
3023 3372
2673 2672
2674 2315
2675 2674
2677 2987
2987 2204
2678 2677
2680 2178
2682 2546
2684 1402
5234 3280
3736 3781
3550 4815
2690 3887
3887 3831
2691 2690 4509
4509 5334
2692 2272
2693 2692
2694 3322
3322 3250
2695 2694 3298
3298 51
5148 4277
5149 4277
3192 5213
4327 1185
3706 3705
2700 4903
2701 2700 5241
5241 4905
2702 4289
2706 4322
4322 3049
5017 5379
4751 4616 5666 5702
5074 5333
2713 3153
3153 251
2715 4983
4983 5342
2716 2715 4566
2717 3693
3693 5122
2718 2717
2720 2202 3638 4237 4992 5016 5247
3638 3637
4237 4718
4992 4580
5247 2402
2721 2720
2722 3442
3442 3102
2723 2722
3465 3464
2727 5162 4202
5162 5420
2731 3681
3681 3680
2732 2731
2734 1486
2735 2734
2736 2693
2738 283
2739 3451 4204
3451 5112
4204 3768
2741 2615
2742 2741
4168 5184
4959 5061
2744 3274
3274 377
2745 2744
2746 4070
4070 5266
2748 2973
2973 1858
2750 5157
2753 2037
3563 1948
3133 3721
2764 3668
2761 347
3428 5030
4396 2976
3668 3667
3190 5178
5282 636
2768 4495 4567 5180
4495 4557
4567 4907
5180 5179
2769 2768 4625 4415 5031
4625 4624
4415 4414
2770 3603
3603 5332
2772 4082
4082 3990
2774 608
2776 812
2777 2776 1932
3616 725
2779 610
3179 1124
2781 4850
4850 5081
2782 2781
2783 2738
2786 1664
2787 2170
2788 265
3554 2145
5463 3305
2793 2662
2794 2793
2795 3770 4504
3770 4408
2797 3524
3524 2774 840 5576 5506
2798 2797
5360 4893
2818 1278
3547 5290
4792 4641
2802 1292
2803 341
3503 5810 5552
3566 3565
2808 4798
4798 1819
2809 2808
3818 4589
2811 1490 3978
3978 3947
2813 4795
2814 2813 4318
4318 4317 4947 561
2816 1922
2817 2816
2819 3127
3127 3126
2820 2819
2821 1190
2822 63
63
2823 4304
2824 2823
2826 524
2827 2826
2828 539
2831 2828
2832 5190
5190 4822
2833 2832 5106
5106 4822
2834 4131
4131 4706
2835 2834
5122 5409
2839 2387
2840 2839
2842 4352
4352 2678
4911 2678
2845 1037
2847 3159
3159 4396
3432 3916
5632 5536
2850 2691
2851 2850
2853 4193 4789
4193 4400
2855 1407
2857 3605
3605 3919
2861 1386
2862 4992
2865 4040
4040 4049
2866 2865
2868 5427
2869 2868
2871 4552
2872 2871 4550
2873 2336
2874 2873
4366 516
4078 4077
2878 4327
2880 2139
4076 2565
2883 3355 4985
3355 4629
2885 1409
2886 2885 3222 2195 4630 5115 1754 2758 3342 3462
3222 3709
3417 5323
4388 4561
4840 201
2889 4434
4434 4433
2891 4539 5150
4539 5355
2892 2891
5359 5367 5381 5394 5424 5425 5441
2895 2201
2897 3328
3328 3266
2900 2425
2901 2900
2902 2413
2904 4631 4796
4631 1464
2905 2904
2906 2922
2922 2921
2907 2906
3985 2257
4387 5347
3764 896
2912 3369
3369 3368
2913 2912
2914 459
2915 2914
2918 4613
4285 956
4138 3029
2921 487
3588 4787
2924 1100 3230 4494 3386 5340 5675 5705
3230 3980
5675 5704 5705
5705 5281
2927 2191
4312 4311 5186
2929 2368
2933 139
2935 1630
3723 3722
3797 2872
2938 933
2941 2182
4934 4106 749
2943 479
3437 3784
2947 860 2962
2962 3122
2948 942
2949 4786
4856 4612
2952 2948
2954 4534 4972 5288 5331 5778 5824
4972 4090
5824 5827
2957 2217
2958 2957
2960 281
3122 514
3160 5036
4687 543
2965 4449
2966 2965 4894
4894 4251
3604 4693
5718 5195
5707 5706 5718
2970 2338
2971 2970
2972 2063
2974 3941
3941 3808
2976 784
2978 4790
4790 1470
2979 2978
2980 4781
2981 2980 4879
4879 4878 4968 561
2983 4194
4194 4982
2984 2983
2985 4147
4147 5124
2986 2985
2988 2253
2989 2988
2990 5484
5484 732
2992 2898
2993 2992
3425 1197
2996 293
2999 3592
3592 4434
3000 2999
3001 3231
3231 3283
3002 3001 4097 4863
4097 3988
3003 1354
3248 1936
3008 123
3009 4080 4326
4080 4892
3986 4386 4773 5192
3015 93
3018 2869
3019 3061 3136 1261 2508 4543 4986 5297 5151 5149 5102 5100 5295 4203 4201
3061 5148 4200 4202 5150
3136 5099 5294 5101 5296
4543 4663
3125 3124 3655
3372 87
3025 3037
3037 2668
3027 1813
3028 3516
3516 3839
3029 3028
3030 1690
3031 2017
3032 4850
3033 3032
3038 1992
3039 3038
4114 1006
3041 720
3042 3154
3154 4918
3044 3098
3098 4134
3045 3044
3046 4457
4457 4597
3047 3046 4576
4576 4597
3048 3116
3116 3115 4507
3049 3048
3050 2129
4185 4798
5169 1819
3055 1833
4811 3287
3058 149
3062 3308
3308 3258
5179 1743
4311 4639
3782 3742
3074 249
3075 3074
3076 2266
3256 4684
4965 5314
3080 4720
4555 4554 5164
3083 3018
3273 1328
3085 1695
3087 3344
3344 3343
3089 5001
3090 3089 3873 4021 4160 4947 4968 5317 5325
3873 5145
4021 4880
4160 4782
4947 2449
4968 4064
5317 2675
5325 3555
3091 5427
3092 3091
3095 319
4134 3360
3099 980
3100 3099
3101 764
3102 3101
3105 5230
3107 2835
3109 4710 5068 5345 5348 5359
5068 5386
5345 5436
5348 5445
3111 2905
3112 3107
3113 1825
3145 3353
3115 2481
4507 5376
3841 4953
3556 3513
3124 3429
3429 3434
3655 54
3126 441
3128 1471
52
3131 5217
5217 555
3721 4556 5147
4444 4082
3176 3175
3140 1002
5013 5430
3141 3951
3951 1616
3142 3141
3143 1651
3144 3143
3353 2802
3146 4970
3148 1736
3876 379
3151 1768
3493 101
3157 3772
3772 3771
3158 3157
3162 4280 5296
4902 4716
3165 3891
3891 4362 4201
3167 1874
3168 3167
3171 2595
3173 4042 5079
4042 4668
5079 4828
3175 111
3177 2284
3181 4073
4073 5324
3182 3181
3183 205
3184 2913
3338 4345 4417
3886 4104
3191 2003
5213 1185
5308 5753
4260 4761
3198 4978
3199 3198
5164 4778
3202 3995 5012
3995 4711
5012 2901
3575 3910
4321 4677
3206 5123
5123 2851
3207 3206
3208 2091
3211 834
3213 1710
3214 2101
3215 3214
3216 5199
5199 5428
3217 3216 4469
3218 2495
3219 2902
3220 3671
3671 4238 4391
3223 3100
4154 654
3225 4481
4481 4866
5022 4866
3227 4584
4584 5269
3228 3227 4224
4224 5269
3980 4084 5268
3283 4015
3232 4019
4019 4190
3233 3232
4041 3360
4007 3702
3237 1980 2046
3238 4614 4794
4614 5134
3240 2742
3241 2031
3242 3241
3438 3687 4418
3244 5330
5189 5224
3246 1155
3249 4421
3250 3249
3251 4520
3252 3251
3253 5153
3254 3253 5232
5232 5231 5325 2947
3257 5452
3258 3257
3724 2666
4005 3142
3261 2423
3265 1254
3266 3265
4278 5451
3270 4399
4399 4484
3275 4034
4034 473
3276 3275
4583 4292
3278 1799
3280 740
3281 1893
5389 3003
4015 4852
3291 1116
3286 3894
3894 3893
3287 3286
3288 4023
4023 2803
3877 3915
3294 624
3295 3294
3548 3112
51
3300 3639
3639 3890
3302 4734
3303 3302 5143
3305 2645
3307 1265
4547 4912 4501
5324 5430
4379 5333
3825 4089 5319
3319 5182
5182 2787
3320 3319 4909
4909 2787
3650 3704
4265 4264 4607
3327 187
3329 1707
3330 3329
3331 2131 935 1299 4003 4182 2749 3757 3399
3333 3033
3336 4242 775
4242 4223
3337 3336 3838 4637 5170
4637 4223
5170 3654
3339 2984
3341 4858 5003 5120 5298 5353 5370 5403 5419 5438 5455 5456 5460
3343 4660
3345 3846 5123
3846 4478
4126 5209
3350 3486
3486 3485
3351 3350
5175 5082
4629 2030
3357 429
3359 1530
3360 1140
3726 4514 5318
3363 4470
5315 3410
5526 5524
3368 3476
3476 4964
3370 2223
3373 2426
3377 2723
4615 5174 5600 5601
5313 1548
3381 1144
3383 3695
3695 3659
4249 5354
3385 4471 4763
4471 5416 3738
3431 3430
4222 5416 3254
5118 3254
5095 2467
3391 3905
3905 2225
5318 4458
3395 1052
3396 3395
3397 2745
3398 385
3541 2782
3402 1869
3403 4618
4618 5407
3405 2390
3408 3213
3409 2718
3410 3409
3411 2558
4130 2817
3415 3171
3418 2824
3420 4717
4717 2496
3421 3420 4573
4573 2496
3422 2943
3423 3422
3427 810
5030 2976
3434 3433
3430 4231
3916 2822
3433 5217
3784 1433
3687 4617
3440 2732
4192 4896
5192 5023
3443 5378
5577 4299
3446 3925
3925 5012
3447 3446
3448 3496
3496 3495
3674 4062 4260
5112 3768
3452 37
37
3453 3452
3932 3867
3457 1754 5753
5753 1224 2159
3459 2463
38
3461 4362 4422 4463 4475 4539 4623 5162 5312 5343 5382 5384 5401 5408 5431 5432 5439
4362 5335
4422 5371
4463 5397
4475 5363
5343 5436
5382 5405
5384 5399
5401 5414
5408 5346
5431 5375
5432 5445
5439 5373
3851 3850
3464 3789
3789 5545 5549 3645 2085 3342 2374 3998 3110
3469 2866
3470 1634
3471 2892
3598 3553
3853 2606
4779 4633
3875 4605 4823
3482 4949
3483 3482 4972
3484 3128
3485 4153
4153 4303 5284
3892 3762
3492 3218
3495 3969
3969 4740 5277
3497 1658
3590 3589 4881
3499 2703
3500 3499
5810 4253
3504 1251
3506 3514
3514 3050
3510 1887
3512 1907
3513 2537
5236 654
3839 3183
4029 4110
4175 3287
3520 4061
4061 1132
3521 3520
3523 2831
5576 5616
3526 3584
3584 3583
3529 1729
3530 1086
3594 4661
3533 3075
3534 3000
3535 3523
5593 5807
3539 1891
4627 3636
3543 3055
4730 4837
5290 4641
4262 5105
3551 3168
3552 3551
3553 2412
3555 913
3559 3796
3796 3795
3560 3559
4063 137
3562 2601
3652 3027
3565 2627 2074
3806 3924 4440
3658 3803
3569 3900 4654 5248 4244 5048
3900 5119
5248 5232
3573 2986
3574 696
3910 74
3577 4574
3578 3577 4700 5305
3583 1033
3987 4743
3586 751
3587 3586
4787 4636
3589 4904
4904 3666
3591 2721
3906 2348
4661 5409
3596 4383
3597 3596
4051 4297
4889 3459
4693 1932
3919 5209
3608 3182
3612 3252
3982 4500
4813 4420
4075 1971
5092 4375
3981 4591
4954 5117
3656 331
3620 4144 4877
4144 4913
4877 4460
3622 4781 4795
3623 3622
3626 3471
4658 1863
3630 4514
4514 4677
3632 4769
4769 5245
4655 5245
4640 1239
3635 1148
3637 3758
3758 443
3890 1380
3642 3857
3857 4527 4889 4995 5051 5152 5315 5786 5483
3644 4214 4344 4565 5044 5367 5381 5394 5419 5424 5425 5441 5460
5367 5399
5381 5373
5394 5346
5424 5375
5425 5405
5441 5414
3645 3644
3646 4894 4913 5233
4913 4460
3647 3646
4907 1787
3704 3703
3653 5153 5248
3654 3653
54
4817 4816 4320
3803 5597 5694
3659 181
3994 303
3662 3699
3699 353
3664 4878
4878 1766
3666 3276
3667 4490 5169
3669 5437
3672 4459
4459 4499
3673 3672 4715
4715 4499
4062 5327
3676 2070
3677 2736
3678 1129
3976 1550
3680 471
3682 1151
5426 2319
3686 2753
3800 3799 4503
3852 3320
3697 1193
4069 4697
3702 409
3703 4274
3705 3710
3710 3647
4320 4319 4312
3713 1013
3717 287
3719 4852
4852 4754
3720 3719
3722 4161 4582
4161 5186
4582 4736
4611 3539
3728 4824 4872
4824 4961 4489
3731 2131 935 2749 3399
3732 3731 1299 4003 4182 3757
4281 2459
3734 3574
3735 1339
3781 4891 4977 5079
3737 5248
3738 3737 4744
4744 4743 5317 2947
3741 2524
3742 3741
4184 4399 4791
3750 520
5279 3675
3752 295
3754 3504
3756 2099
3761 2473
3762 1897
3768 1480
46
3771 3939
3939 4428
4621 4620 5762 5609
4437 5396
4058 4776
3779 4865
4865 4691
3780 3779 4498
4498 4691
3868 2789
3817 5144
3786 4851
3787 3786
5545 4198 4248
3998 3997
3792 4233 4249 4384 4507 4509 4675 4842 5074 5383 5412 5417 5423 5429 5434 5443 5444
3795 5452
5661 5035
3799 5032
5032 4087
3802 917
5597 5694 5823
5694 4302
3805 2798
3924 4614
3807 2474
3874 4171
3815 2809
3820 157
3821 3820
3823 4741 5475 5679 5339 5476 5769
5475 3337
5679 5769 5785
5769 5462
4089 5247
4416 3807
3828 3534
3831 369
4100 4099
3834 1863
3837 5458
5595 4638
3843 2435
3844 3843
4478 2851
4107 3851
4169 4067
44
3850 2505
3854 4121 4888
4121 4961
4888 4349
5786 5801
5468 5572 5573
3860 2465
3864 1994
3865 3864
3867 1253
3872 1054
4171 526
3915 179
3880 3398
3881 3717
3882 3881
41
3884 4024
4024 5013
4104 2324
3888 3453
5838 4309
3893 367
3895 375
3898 4196
4196 1990
3901 2651
3902 3148
3903 3902
74
3911 4145
4145 2289
3917 2221
5209 1464
3920 1871 705
5844 3465
4896 5023
3926 4902
3927 3926 5329
3929 5272
5272 4453
4984 4983
4143 4579
4939 5304
3935 4262
3936 3935 3090 4506 4066
4506 4505
3937 4524 4877 5050
5050 4572
4616 4615 5725 5726
4002 4544 5102
3947 2915
4869 5226
3949 3030
3952 3405
5249 1395
3965 3552
4791 5185
4926 4376
4084 4688
5268 4448
4500 4420
4743 1470
3988 3720
3990 1998
3991 3965
3992 1427
4711 2901
3997 4412 4923 5345 5348 5359
5706 5195
4056 4945
4264 5037 4555
4010 4583
4012 3612
4013 4012
5390 3003
4190 3750
4020 3076
5238 4821
4025 1838
4026 2993
4027 4026
4110 5437
4030 4054 4261
4054 4771
4032 3608
4037 4430 4367 5168
4430 4429
4367 4366
5168 5167
4038 4037 2814 4323 4845 5214
4323 4322
4845 4479
4049 445
4847 4230
4046 1299 4003 2749 3399
4047 4046 2131 935 4182 3757
4052 4486
4771 4229
4094 3880
4064 1502
4491 4712
4071 4379 4387 4437 4844 4938 4997 5088 5251 5383 5412 5417 5423 5429 5434 5443 5444
4077 4196
4157 5220
4892 2880
5124 4854
4688 4448
4087 1597
4090 3573
4092 1102
4639 4258
4695 1496
4099 4976
4105 5623
5623 1956
4108 793
4112 3578 4393
4393 4801
4113 4112 4298 3444 4925
4298 3623
4925 4801
5748 5746
4181 4234
4961 4349
4331 5010 3462 1409
4186 4523
5058 4729
4125 1031 5459
4128 3991
4132 4430 4479 4367
4479 4478
5262 5168
5220 4263
4579 5304
5231 2656
4483 5333
4632 5396
4676 5349
4704 5354
5075 5362
5110 5376
5133 5334
5223 5347
4150 4027
5042 4874
5186 4736
4162 4180
4180 4325
4164 5569 5570
5569 5132
5184 5061
4170 1639
4172 4495 4624 5180
4624 4629
4173 4172 4415 3254 4568 5031
4568 4567
5135 5341
4176 4250 4380 4560 4571 4698 4940 4999 5089 5343 5382 5384 5401 5408 5431 5432 5439
4250 5337
4380 5335
4560 5397
4571 5355
4698 5363
4940 5420
4999 5350
5089 5371
4541 5392
4187 3882
4488 5006
4191 2927
5364 5361
4199 2119
4206 5435
5435 5303
4207 4206
4208 4206
4699 4698
4225 4224
5377 5395
4410 4409
4748 4133 3623
5416 2407
4223 4222 4471
5269 5268
4385 3754
4228 5446
5446 5303
4229 4228
4230 4228
4263 4262
5349 2189
4572 4571
4291 4290
4848 4847
4718 4717
4239 4453
4453 4451 882
4243 4242 775
4258 4257
5386 5395
5354 1111
5337 3901
4251 4250
4253 3578 4393
4837 4836
4874 4873
4257 2283 4165
4259 4257 1438
4761 4760
5087 5086
5291 5290
4271 4270
4484 4483
4277 2119
5451 5507 5830
4279 4278
4282 4281
4290 5410
5410 5464
4292 4290
5649 4128
5741 3484
5466 5389
4299 4298 4925
4309 4308
4301 4300
4302 4300
5185 5184
5680 1647
5581 3041
5140 5139
5033 5032
4531 4530
5141 5139
4314 4313
4316 4315
5136 5135
4677 4676
4712 4711
5406 5782 5790
4875 4873
5166 5165
5531 4952
5335 640
5258 5257
4341 4340
5411 3901
4570 4569
5344 5580 5774
4349 4348
4353 4352
4355 4354
4821 4820
5366 5463
5054 5053
4365 4364
4370 4369
5043 5042
4374 5400
5400 3447
4375 4374
4376 4374
5090 5089
5333 3901
4381 4380
5347 3211
4686 4685
4561 4560
5093 5092
5589 5457
4801 4800 5020
4788 4787
5159 5158
4659 4658
5376 2197
5239 5238
4492 4491
4411 4409
5374 2197
5287 5286
5368 5660 5645
4420 4419
5371 2197
4425 4424
5113 5112
4432 4431
5369 3447
5341 5654 5528
5396 5395
5603 1904
5783 2281
5134 5133
4452 4451
4443 4442
4445 4444
4448 4447
4451 1095
5355 1111
4597 4596
4458 4457
4499 4498
4460 4459
5397 5395
4893 4892
4468 4467
5428 5597 5823
4770 4769
5672 5413
5363 5361
4628 4627
4866 4865
4482 4481
5161 5160
5006 5005
5719 5418
5606 5393
4496 4495
5351 2189
4691 4690
5379 5723 5724
5334 640
4516 4515
4513 4512
4910 4909
4854 4853
4729 4728
4585 4584
5652 4861
5336 640
4709 4707
4536 4535
5815 5064
5392 5471 5472
4542 4541
4663 4662
4619 4618
4921 4920
4633 4632
5420 3211
5825 701
5356 1111
5342 5614 5635
5402 5621 5568
4932 4259
4577 4576
5304 5302
4580 4579
4736 4735
4708 4707
4588 4587
5117 5116
5372 5752 5835
5096 5095
4595 4594
5183 5182
4738 4737
4601 4600
4656 4655
4612 4611
5600 5073
5725 5198
5407 5673 5470
5609 4727
5350 2189
4634 5446
4635 4634
4636 4634
4638 4637 5170
4641 4640
4648 4647
5404 3211
5245 5244
5409 5463
4828 4827
5314 5313
4696 4695
5711 563
5585 2186
4705 4704
4707 5454
5454 3447
4716 4715
5253 5252
5358 4506
5237 5236
4727 4726
4732 4731
5321 5320
5442 5631 5761
5076 5075
4960 4959
4749 4748
5702 5067
4752 5415
5415 5390
4753 4752
4754 4752
4793 4792
5000 4999
4772 4771
4778 4777
4785 4430
5387 4074
5307 5306
5794 2305
5789 711
4812 4811
5310 5309
5461 5698 5625
4820 5400
4822 4820
5111 5110
5352 5716 5509
4832 4831
5362 5361
5081 5080
4853 5410
4855 4853
4857 4856
4860 4859
4861 4367
5816 1751
4941 4940
5226 5225
4873 5435
5191 5190
5023 5022
4900 4899
4927 4926
4905 4904
5018 5017
5714 1448
5485 3492
4952 4951
4955 4954
5061 5060
5821 2588
4966 4965
5280 5279
5357 1111
5510 3242
5430 5389
5703 2114
5590 3952
5025 5024
5029 5028
5035 5034
5398 3901
5529 4108
5365 5361
5261 5260
5047 2769 3654
5049 5047
5235 5234
5059 5058
5064 5063
5067 5066
5071 5070
5073 5072
5080 5415
5082 5080
5098 3223
5495 4150
5132 4057
5138 5137
5139 5454
5187 3223
5224 5223
5195 5194
5198 5197
5207 5206
5704 5281
5242 5241
5785 5462
5281 5180
5659 5447
5302 5369
5303 5302
5775 4900
5528 5059
5635 4411
5436 3370
5580 5071
5346 5336
5445 4191
5509 4341
5373 5357
5361 4191
5399 5398
5660 5138
5414 5351
5835 4595
5375 5374
5395 3370
5723 5025
5405 5404
5471 5029
5393 4625
5568 5242
5790 4857
5673 4955
5413 4323
5418 4415
5422 5421 5380
5823 4302
5761 4355
5447 4845
5830 5207
5457 5262
5698 4966
5462 4568
5572 4432
5557 5556 5554
5477 5735
5735 3936
5801 5841
5487 5519
5519 5518 5537
5488 5487 5489
5489 5487 5836
5836 5519
5736 5734
5616 5615 5626
5513 5813
5813 5548 5796
5514 5513 5515
5515 5513 5535
5535 5813
5518 5537 5630
5537 5547
5630 5547
5520 5518 5630
5524 5841
5841 2106
5536 5535 5515
5547 5546 5676 5677 5548
5539 5840
5840 2106
5542 5637 5806
5637 5650 5806
5806 5642
5546 5599
5599 5598 5667
5676 5422
5548 5546 5796
5796 5599
5553 5643 5641
5643 5640 5641
5641 3677
5554 5553
5555 5553
5556 5555 5554
5558 5556 5555
5559 5733
5733 3936
5807 5840
5667 4125
5808 5839
5638 5637 5650
5615 5626 5695
5626 5514
5695 5514
5617 5615 5695
5618 5758 5832
5758 5832 5831
5832 5520
5650 5642
5640 3677
5642 5640 5643
5804 5733
5655 5840
5682 5841
5766 5735
5791 5734
5729 5734
5734 3936
5746 5839
5839 2106
5818 5735
5831 5520
5759 5758 5831
5780 5489 5836
5797 5733
5827 5839
