#adjlist.py
# GMT Tue May 17 12:03:42 2022
# 
1 77 95 169 218
77 214 260 309 319 362 365 439
95 94 219 244 255 266
169 168
218 216
2 78 339 95 319 188 365 439
78 214 295 310 393 384
339 405
319 317 359
188 187 282
365 364 435
439 402 429
3 75 293 222 298 163
75 304 315 361 385
293 274
222 221 250 303 368
298 297 330 109 157 272
163 162 260
4 76 223 337 222 357 315 333
76 361 298 305
223 131
337 404
357 356 196
315 314 177
333 331
5 93 294
93 247 263 264 329 335
294 226
6 237
237 236 139
7 92
92 267 306
8 245
245 336
9 79 271 357 109
79 289 353 355
271 416
109 108 131
10 80 227 291 352
80 392 435
227 438
291 429
352 351 354
11 72 71 68
72 17
71 18
68 19
12 85 343 249 97
85 269 344 300 362 333 347 218 284
343 69
249 248 254 277 350
97 96 296 68
13 84 299 249 97 72 161 181
84 345 71
299 367
161 160 383 385
181 180 273
14 83 259 294 300 312 217 240 159
83 257 296 320 235 220 366 253 381
259 394
300 299 228 440
312 311
217 216
240 239 241 165
159 158 332
15 82 213
82 215 313 235
213 224
16 81 213 239 246 281 293 297 302 341 350 364 147 175
81 215 241 295 353 145 332 217 198
239 408
246 409
281 420
297 115
302 285
341 200
350 348
364 115 285
147 146 256 258
175 174
40 91 242 325
91 105 117 107 240
242 409
325 323 256
41 40
42 90 276 142 380 129
90 225 261 220 363 105 367 372 149 374
276 420
142 60 143 313 63 388
380 379 169
129 128 151
43 42
44 89 121 153 107 369 436 373
89 265 237 73
121 120 141
153 152 378 45
107 106 229 328 113
369 117 312
436 376
373 372 325
45 44
46 88 119 99 434 369 133 73
88 301 307 113 375 322 165 175 127 243
119 118 137 139
99 98
434 141
133 132
73 20
47 46
48 87 268 321 360 318 171 233 123 376 139
87 275 101 363 434 103 137
268 401
321 388
360 308 99 185
318 317 439
171 170 418
233 232 238 305 366 328
123 122 142 145 316
376 375
139 138 234
49 48
50 86 311 360 316 103 368 125 141 155 179
86 252 334 101 119 142 233 382 167
311 404
316 314 157
103 102 231 310
368 117 436
125 124 147 318
141 140
155 154
179 178 188 392
51 50
52 27
27
53 32
32
54 37
37
55 33
33
56 24
24
57 22
22
58 28
28
59 25
25
60 21
21
61 31
31
62 26
26
63 23
23
64 30
30
65 29
29
66 34
34
67 38
38
19
69 36
36
70 39
39
18
17
20
74 35
35
304 135
361 303 355
385 185
305 304 230
214 288
260 396
309 135
362 258 185
295 274
310 309 230
393 290 292
384 383
289 427
353 351 228
355 354
392 290 196
435 272 280
215 224
241 410
145 144 251 155
332 331
198 197 287
313 59
235 234
257 413
296 226
320 387
220 219 221 437 155
366 371 386
253 252 379 338
381 169 340
345 344
269 425
344 431
347 346 198
284 283 286
252 414
334 192
101 100 301 308 111
382 171 396
167 166 267 268 413 186 201
275 358
363 369 183 284
137 136 153
301 370
307 371
113 112 123 125
375 45 411
322 321 167
165 164 329 63
127 126 231 232
243 242 244
265 210
225 133
261 398
105 104 111 376
367 316 318
372 240 243
149 148 382
374 161 163
117 116 387
267 399
306 370
247 421
263 401
264 422
329 391
335 403
94 288
288 287 349
219 324
244 423
255 395
266 265
96 149 368 380
98 306
100 383
383 391 430
308 307 437 262
111 110 412
102 373
231 407
104 119 121
106 127 437 129
437 395 398
229 173
328 326 251
108 282 292
282 281
292 291
131 130
110 405 73
405 201
412 65
112 149 374
114 346
346 411
115 114 286
286 422
116 400 416
400 47
416 55
387 204
118 236
236 400
120 238 322 377
238 399
377 403 66
122 253
124 159 381
126 262
262 261 263 173 414
232 415
128 386
386 175 342
151 150 378
130 279
279 421
132 324 327
324 323
327 326
134 440
440 426 204
135 134
136 47 266
138 57 320
234 397
140 56 200
200 199
143 245 246 247 407 415 397
388 186
407 52
415 53
397 194
144 248
248 338
251 250
146 254
254 340
256 255
258 257
148 259
150 336
336 335
378 186
152 264
154 330 177 270
330 278
177 176 345
270 269
156 55
157 156 402
402 47
158 181 183
183 182 347 349
160 440
162 334
164 342
342 341
166 56 53 49
413 65
186 62
201 64
168 275 393
170 423
423 208
418 209
172 276
173 172
174 408 410
408 52
410 58
176 343 278
278 277
178 280
280 279
180 284
273 412
182 406
406 204
349 348
184 406 203 424
203 202
424 433
185 184 426 417
426 66
417 55
187 352 358
358 356
189 41
190 189
191 65
192 191
193 41
194 193
195 419 206
419 432
206 205
196 195
197 359
359 424
287 425
199 53
202 428
428 210
204 61
205 74 430 431
430 211
431
207 49
208 207
209 51
210 54
211 67
212 70
224 223 206
216 438
438 384
221 327
250 394
303 302 270
226 225
228 227
230 229
399 45
409 58
421 43
338 337
277 417
394 190
414 41
379 179 272
340 339
395 190
396 194
398 59
401 47
422 208
425 66
272 271 427
427 66
274 273
420 43
283 211
285 283
290 289
429 428
370 377
371 151
404 201
314 389
389 432
317 390
390 209
323 389
326 390
391 212
331 192
403 433
411 209
348 203
351 74
354 418
356 419
432 49
433 69
441 212
